3.13982 -0.0994465 1.57 -1.527 0.0994465 0.000109928 0.0219886 0.546174 1.19314 0.535922 1.27453 0.540043 1.3578 0.558479 1.443 1.57 -1.527 0 2.04819e-35 0
1.57 -1.52697 1.57 -1.527 1.57 0.000109928 0.0219886 0.530294 0.434631 0.625103 0.339894 0.720968 0.248838 0.817743 0.162143 0.951773 0.333971 0.324 1.73096e-32 0
1.57 -1.52697 1.57 -1.527 1.57 0.000109928 0.0219886 0.530294 0.434631 0.625103 0.339894 0.720968 0.248838 0.817743 0.162143 0.951773 0.333971 0.321 1.73096e-32 0
1.57 -1.52697 1.57 -1.527 1.57 0.000109928 0.0219886 0.530294 0.434631 0.625103 0.339894 0.720968 0.248838 0.817743 0.162143 0.951773 0.333971 0.317 1.73096e-32 0
1.57 -1.52697 1.57 -1.527 1.57 0.000109928 0.0219886 0.530294 0.434631 0.625103 0.339894 0.720968 0.248838 0.817743 0.162143 0.951773 0.333971 0.312 1.73096e-32 0
1.57 -1.52697 1.57 -1.527 1.57 0.951773 0.333971 0.530294 0.434631 0.625103 0.339894 0.720968 0.248838 0.817743 0.162143 0.951773 0.333971 0.32 1.73096e-32 0
1.57 -1.52697 1.57 -1.527 1.57 0.951773 0.333971 0.530294 0.434631 0.625103 0.339894 0.720968 0.248838 0.817743 0.162143 0.951773 0.333971 0.311 1.73096e-32 0
1.61759 -1.51477 1.57 -1.527 1.52241 0.951773 0.333971 0.530294 0.434631 0.625103 0.339894 0.720968 0.248838 0.817743 0.162143 0.922924 0.331303 0.313 1.8658e-32 0
1.66518 -1.49771 1.57 -1.527 1.49771 0.951773 0.333971 0.507138 0.455804 0.599746 0.358917 0.694244 0.263624 0.78991 0.171391 0.894074 0.327572 0.31 4.09844e-33 0
1.66518 -1.49771 1.57 -1.527 1.49771 0.951773 0.333971 0.507138 0.455804 0.599746 0.358917 0.694244 0.263624 0.78991 0.171391 0.894074 0.327572 0.312 4.09844e-33 0
1.71277 -1.48096 1.57 -1.527 1.48096 0.894074 0.327572 0.48315 0.478981 0.572949 0.380131 0.665246 0.282092 0.759496 0.185828 0.865225 0.323907 0.311 1.79287e-32 0
1.71277 -1.48096 1.57 -1.527 1.48096 0.894074 0.327572 0.48315 0.478981 0.572949 0.380131 0.665246 0.282092 0.759496 0.185828 0.865225 0.323907 0.307 1.79287e-32 0
1.75747 -1.46426 1.57 -1.527 1.46426 0.865225 0.323907 0.459811 0.502179 0.546774 0.402599 0.63645 0.303085 0.72881 0.203885 0.838124 0.320255 0.313 4.36013e-32 0
1.75747 -1.46426 1.57 -1.527 1.46426 0.865225 0.323907 0.459811 0.502179 0.546774 0.402599 0.63645 0.303085 0.72881 0.203885 0.838124 0.320255 0.315 4.36013e-32 0
1.80073 -1.4479 1.57 -1.527 1.4479 0.838124 0.320255 0.438247 0.524178 0.521578 0.424375 0.608943 0.324692 0.699217 0.225166 0.811898 0.316678 0.315 1.90799e-31 0
1.84264 -1.43173 1.57 -1.527 1.43173 0.838124 0.320255 0.418114 0.545877 0.497358 0.446263 0.581744 0.346744 0.670051 0.247402 0.786494 0.313141 0.311 2.54164e-33 0
1.84264 -1.43173 1.57 -1.527 1.43173 0.838124 0.320255 0.418114 0.545877 0.497358 0.446263 0.581744 0.346744 0.670051 0.247402 0.786494 0.313141 0.327 2.54164e-33 0
1.88454 -1.4157 1.57 -1.527 1.4157 0.786494 0.313141 0.398715 0.567031 0.474096 0.467924 0.554919 0.369286 0.641049 0.271647 0.761089 0.309634 0.311 2.06472e-32 0
1.88454 -1.4157 1.57 -1.527 1.4157 0.786494 0.313141 0.398715 0.567031 0.474096 0.467924 0.554919 0.369286 0.641049 0.271647 0.761089 0.309634 0.313 2.39139e-32 0
1.92387 -1.39974 1.57 -1.527 1.39974 0.761089 0.309634 0.380345 0.588279 0.450565 0.490332 0.527962 0.393419 0.611174 0.297973 0.73725 0.306145 0.307 6.40895e-32 0
1.92387 -1.39974 1.57 -1.527 1.39974 0.761089 0.309634 0.380345 0.588279 0.450565 0.490332 0.527962 0.393419 0.611174 0.297973 0.73725 0.306145 0.311 6.40895e-32 0
1.96192 -1.38412 1.57 -1.527 1.38412 0.761089 0.309634 0.363484 0.608576 0.428649 0.512168 0.502381 0.416897 0.582495 0.324313 0.71418 0.302729 0.314 3.46491e-32 0
1.99998 -1.36863 1.57 -1.527 1.36863 0.737249 0.306145 0.348076 0.628402 0.407854 0.533311 0.477106 0.440386 0.554419 0.350967 0.69111 0.299341 0.31 1.24875e-33 0
1.99998 -1.36863 1.57 -1.527 1.36863 0.737249 0.306145 0.348076 0.628402 0.407854 0.533311 0.477106 0.440386 0.554419 0.350967 0.69111 0.299341 0.321 1.24875e-33 0
2.03684 -1.35318 1.57 -1.527 1.35318 0.69111 0.299341 0.333605 0.647922 0.386985 0.55489 0.451778 0.464761 0.52595 0.37796 0.668763 0.295961 0.312 1.18647e-30 0
2.03684 -1.35318 1.57 -1.527 1.35318 0.69111 0.299341 0.333605 0.647922 0.386985 0.55489 0.451778 0.464761 0.52595 0.37796 0.668763 0.295961 0.323 1.18647e-30 0
2.0714 -1.33795 1.57 -1.527 1.33795 0.668763 0.295961 0.320178 0.66704 0.366925 0.576302 0.427198 0.48861 0.497639 0.40512 0.647815 0.29263 0.313 3.55571e-31 0
2.0714 -1.33795 1.57 -1.527 1.33795 0.668763 0.295961 0.320178 0.66704 0.366925 0.576302 0.427198 0.48861 0.497639 0.40512 0.647815 0.29263 0.313 3.55571e-31 0
2.10483 -1.32304 1.57 -1.527 1.32304 0.668763 0.295961 0.30826 0.685113 0.348506 0.596539 0.403984 0.511569 0.470712 0.43159 0.627544 0.289368 0.324 3.4622e-31 0
2.13827 -1.30825 1.57 -1.527 1.30825 0.647815 0.29263 0.297458 0.702647 0.330975 0.616097 0.381243 0.53425 0.444475 0.457332 0.607273 0.286133 0.312 1.40696e-32 0
2.13827 -1.30825 1.57 -1.527 1.30825 0.647815 0.29263 0.297458 0.702647 0.330975 0.616097 0.381243 0.53425 0.444475 0.457332 0.607273 0.286133 0.304 1.40696e-32 0
2.17066 -1.29349 1.57 -1.527 1.29349 0.607273 0.286133 0.287677 0.719806 0.313895 0.635885 0.358767 0.557079 0.418146 0.483512 0.587636 0.282906 0.3 1.42358e-32 0
2.17066 -1.29349 1.57 -1.527 1.29349 0.607273 0.286133 0.287677 0.719806 0.313895 0.635885 0.358767 0.557079 0.418146 0.483512 0.587636 0.282906 0.305 1.42358e-32 0
2.20103 -1.27895 1.57 -1.527 1.27895 0.587636 0.282906 0.27938 0.736522 0.298201 0.655332 0.337207 0.579304 0.392051 0.509452 0.569229 0.279726 0.302 4.1438e-33 0
2.20103 -1.27895 1.57 -1.527 1.27895 0.587636 0.282906 0.27938 0.736522 0.298201 0.655332 0.337207 0.579304 0.392051 0.509452 0.569229 0.279726 0.297 4.1438e-33 0
2.23041 -1.26471 1.57 -1.527 1.26471 0.569229 0.279726 0.272443 0.752256 0.283609 0.673628 0.316652 0.600535 0.367235 0.534209 0.551417 0.276612 0.301 4.19663e-33 0
2.23041 -1.26471 1.57 -1.527 1.26471 0.569229 0.279726 0.272443 0.752256 0.283609 0.673628 0.316652 0.600535 0.367235 0.534209 0.551417 0.276612 0.306 4.19663e-33 0
2.25887 -1.25063 1.57 -1.527 1.25063 0.551417 0.276612 0.266916 0.767485 0.270476 0.691182 0.297113 0.621308 0.3432 0.558086 0.534163 0.273532 0.293 6.55836e-33 0
2.25887 -1.25063 1.57 -1.527 1.25063 0.551417 0.276612 0.266916 0.767485 0.270476 0.691182 0.297113 0.621308 0.3432 0.558086 0.534163 0.273532 0.305 6.55836e-33 0
2.28644 -1.23671 1.57 -1.527 1.23671 0.534163 0.273532 0.261804 0.782016 0.258439 0.70835 0.278658 0.641629 0.31988 0.581554 0.517449 0.270487 0.305 7.29373e-33 0
2.31315 -1.22295 1.57 -1.527 1.22295 0.534163 0.273532 0.257674 0.795955 0.247036 0.725109 0.260749 0.661157 0.297046 0.604565 0.501258 0.267477 0.314 7.12007e-33 0
2.31315 -1.22295 1.57 -1.527 1.22295 0.534163 0.273532 0.257674 0.795955 0.247036 0.725109 0.260749 0.661157 0.297046 0.604565 0.501258 0.267477 0.315 7.12007e-33 0
2.33986 -1.2093 1.57 -1.527 1.2093 0.501258 0.267477 0.254925 0.809461 0.236563 0.741453 0.24384 0.680257 0.274721 0.627095 0.485066 0.264492 0.312 2.67041e-32 0
2.33986 -1.2093 1.57 -1.527 1.2093 0.501258 0.267477 0.254925 0.809461 0.236563 0.741453 0.24384 0.680257 0.274721 0.627095 0.485066 0.264492 0.314 2.67041e-32 0
2.36492 -1.19573 1.57 -1.527 1.19573 0.485066 0.264492 0.252809 0.822935 0.22709 0.757675 0.227334 0.69943 0.252679 0.649529 0.469872 0.261524 0.314 1.78901e-32 0
2.36492 -1.19573 1.57 -1.527 1.19573 0.485066 0.264492 0.252809 0.822935 0.22709 0.757675 0.227334 0.69943 0.252679 0.649529 0.469872 0.261524 0.315 1.78901e-32 0
2.38917 -1.18244 1.57 -1.527 1.18244 0.469872 0.261524 0.252128 0.835635 0.218841 0.772865 0.212036 0.717704 0.232003 0.670749 0.455169 0.258617 0.308 1.01233e-32 0
2.41267 -1.1693 1.57 -1.527 1.1693 0.469872 0.261524 0.251853 0.847732 0.21218 0.787588 0.197439 0.735453 0.211882 0.691381 0.440927 0.255743 0.305 1.33166e-32 0
2.41267 -1.1693 1.57 -1.527 1.1693 0.469872 0.261524 0.251853 0.847732 0.21218 0.787588 0.197439 0.735453 0.211882 0.691381 0.440927 0.255743 0.305 1.33166e-32 0
2.43616 -1.15625 1.57 -1.527 1.15625 0.440927 0.255743 0.251883 0.859269 0.206148 0.801927 0.184357 0.752507 0.192358 0.711526 0.401176 0.233853 0.419 6.72227e-16 0
2.43616 -1.15625 1.57 -1.527 1.15625 0.440927 0.255743 0.251883 0.859269 0.206148 0.801927 0.184357 0.752507 0.192358 0.711526 0.401176 0.233853 0.428 9.07236e-16 0
2.45821 -1.1433 1.57 -1.527 1.1433 0.401176 0.233853 0.252872 0.87077 0.20071 0.816267 0.171862 0.769497 0.173067 0.731675 0.346041 0.19982 0.439 3.27924e-15 0
2.47827 -1.13136 1.57 -1.527 1.13136 0.401176 0.233853 0.254436 0.881604 0.196587 0.829868 0.160999 0.785666 0.15511 0.750884 0.28921 0.16392 0.454 3.01821e-15 0
2.47827 -1.13136 1.57 -1.527 1.13136 0.401176 0.233853 0.254436 0.881604 0.196587 0.829868 0.160999 0.785666 0.15511 0.750884 0.28921 0.16392 0.429 3.20417e-15 0
2.49833 -1.11972 1.57 -1.527 1.11972 0.28921 0.16392 0.256369 0.891438 0.193307 0.842155 0.151536 0.800425 0.138953 0.76833 0.220565 0.119603 0.471 1.11615e-14 0
2.49833 -1.11972 1.57 -1.527 1.11972 0.28921 0.16392 0.256369 0.891438 0.193307 0.842155 0.151536 0.800425 0.138953 0.76833 0.220565 0.119603 0.446 1.25882e-14 0
2.51279 -1.1107 1.57 -1.527 1.1107 0.28921 0.16392 0.259146 0.901188 0.191393 0.854183 0.142547 0.815082 0.123402 0.785459 0.155675 0.0767937 0.456 5.98879e-15 0
2.52725 -1.10262 1.57 -1.527 1.10262 0.220565 0.119603 0.261455 0.908363 0.190374 0.863066 0.136591 0.825921 0.11262 0.798134 0.0419764 0.000767062 0.473 1.50552e-14 0
2.52725 -1.10262 1.57 -1.527 1.10262 0.220565 0.119603 0.261455 0.908363 0.190374 0.863066 0.136591 0.825921 0.11262 0.798134 0.0419764 0.000767062 0.472 3.75182e-15 0
2.53828 -1.09614 1.57 -1.527 1.09614 0.0419764 0.000767062 0.263811 0.915239 0.189631 0.871619 0.131769 0.836347 0.102318 0.810314 -0.169785 -0.141873 0.457 3.7503e-14 0
2.53828 -1.09614 1.57 -1.527 1.09614 0.0419764 0.000767062 0.263811 0.915239 0.189631 0.871619 0.131769 0.836347 0.102318 0.810314 -0.169785 -0.141873 0.475 4.46188e-15 0
2.54037 -1.09478 1.57 -1.527 1.09478 -0.169785 -0.141873 0.265793 0.920511 0.189178 0.878325 0.128127 0.844495 0.0945281 0.81983 -0.211262 -0.169832 0.457 1.12429e-14 0
2.54037 -1.09478 1.57 -1.527 1.09478 -0.169785 -0.141873 0.265793 0.920511 0.189178 0.878325 0.128127 0.844495 0.0945281 0.81983 -0.211262 -0.169832 0.465 7.39834e-15 0
2.53189 -1.10037 1.57 -1.527 1.10037 -0.169785 -0.141873 0.266215 0.921607 0.18911 0.879703 0.127477 0.846142 0.0929768 0.821757 -0.0426438 -0.0561896 0.464 6.11558e-15 0
2.5234 -1.10767 1.57 -1.527 1.10767 -0.211262 -0.169832 0.26472 0.917607 0.189516 0.874533 0.130282 0.839807 0.0991247 0.814289 0.0993472 0.0396496 0.469 2.04346e-14 0
2.5234 -1.10767 1.57 -1.527 1.10767 -0.211262 -0.169832 0.26472 0.917607 0.189516 0.874533 0.130282 0.839807 0.0991247 0.814289 0.0993472 0.0396496 0.462 1.77012e-15 0
2.51283 -1.11589 1.57 -1.527 1.11589 0.0993472 0.0396496 0.26324 0.913254 0.190138 0.868917 0.133656 0.832838 0.106051 0.806058 0.167195 0.0853322 0.468 3.47272e-15 0
2.5178 -1.11637 1.57 -1.527 1.11637 0.0993472 0.0396496 0.261632 0.90807 0.190976 0.862335 0.137752 0.824646 0.114407 0.796362 0.150724 0.0749221 0.453 8.37259e-15 0
2.5178 -1.11637 1.57 -1.527 1.11637 0.0993472 0.0396496 0.261632 0.90807 0.190976 0.862335 0.137752 0.824646 0.114407 0.796362 0.150724 0.0749221 0.464 1.78299e-14 0
2.52277 -1.11421 1.57 -1.527 1.11421 0.150724 0.0749221 0.262405 0.909998 0.191026 0.864557 0.136753 0.827184 0.112162 0.799203 0.122815 0.0562484 0.467 7.91076e-15 0
2.52277 -1.11421 1.57 -1.527 1.11421 0.150724 0.0749221 0.262405 0.909998 0.191026 0.864557 0.136753 0.827184 0.112162 0.799203 0.122815 0.0562484 0.481 7.32578e-15 0
2.53031 -1.11089 1.57 -1.527 1.11089 0.122815 0.0562484 0.263352 0.912671 0.190894 0.867731 0.135201 0.830912 0.108683 0.803457 0.0664984 0.0182166 0.499 5.24764e-15 0
2.53031 -1.11089 1.57 -1.527 1.11089 0.122815 0.0562484 0.263352 0.912671 0.190894 0.867731 0.135201 0.830912 0.108683 0.803457 0.0664984 0.0182166 0.496 3.64062e-15 0
2.53645 -1.10786 1.57 -1.527 1.10786 0.122815 0.0562484 0.264658 0.916214 0.190633 0.872056 0.132979 0.836119 0.103684 0.809491 0.0103396 -0.0199557 0.486 1.38985e-14 0
2.54259 -1.1051 1.57 -1.527 1.1051 0.0664984 0.0182166 0.265787 0.919193 0.19044 0.875735 0.131039 0.840541 0.0995215 0.814612 -0.0445085 -0.0573404 0.489 1.34053e-14 0
2.54259 -1.1051 1.57 -1.527 1.1051 0.0664984 0.0182166 0.265787 0.919193 0.19044 0.875735 0.131039 0.840541 0.0995215 0.814612 -0.0445085 -0.0573404 0.484 1.97769e-15 0
2.54591 -1.10378 1.57 -1.527 1.10378 -0.0445085 -0.0573404 0.266907 0.922019 0.190288 0.879278 0.129309 0.844806 0.0955249 0.819555 -0.0733442 -0.0770527 0.477 1.27822e-14 0
2.54591 -1.10378 1.57 -1.527 1.10378 -0.0445085 -0.0573404 0.266907 0.922019 0.190288 0.879278 0.129309 0.844806 0.0955249 0.819555 -0.0733442 -0.0770527 0.473 2.51626e-15 0
2.54369 -1.10585 1.57 -1.527 1.10585 -0.0733442 -0.0770527 0.267558 0.923607 0.190261 0.881237 0.128467 0.847131 0.0934063 0.822226 -0.0484777 -0.0600597 0.463 9.46351e-15 0
2.54369 -1.10585 1.57 -1.527 1.10585 -0.0733442 -0.0770527 0.267558 0.923607 0.190261 0.881237 0.128467 0.847131 0.0934063 0.822226 -0.0484777 -0.0600597 0.467 9.37984e-15 0
2.54002 -1.1096 1.57 -1.527 1.1096 -0.0484777 -0.0600597 0.267194 0.922581 0.190426 0.879843 0.129286 0.845359 0.0952022 0.820102 -0.00598727 -0.0309634 0.465 7.72071e-15 0
2.54002 -1.1096 1.57 -1.527 1.1096 -0.0484777 -0.0600597 0.267194 0.922581 0.190426 0.879843 0.129286 0.845359 0.0952022 0.820102 -0.00598727 -0.0309634 0.47 6.13598e-15 0
2.5376 -1.11286 1.57 -1.527 1.11286 -0.0484777 -0.0600597 0.266546 0.920718 0.190726 0.877351 0.130738 0.842219 0.0983484 0.816359 -0.00470286 -0.0300841 0.476 1.29127e-14 0
2.53517 -1.11588 1.57 -1.527 1.11588 -0.00598727 -0.0309634 0.266152 0.919445 0.191023 0.875603 0.131925 0.83996 0.100706 0.813625 0.0562941 0.0119276 0.456 8.18966e-15 0
2.53517 -1.11588 1.57 -1.527 1.11588 -0.00598727 -0.0309634 0.266152 0.919445 0.191023 0.875603 0.131925 0.83996 0.100706 0.813625 0.0562941 0.0119276 0.488 1.37948e-14 0
2.53487 -1.1178 1.57 -1.527 1.1178 0.0562941 0.0119276 0.265786 0.918231 0.191317 0.873959 0.133095 0.837825 0.102961 0.811035 0.0672127 0.0195788 0.46 7.31095e-15 0
2.53487 -1.1178 1.57 -1.527 1.1178 0.0562941 0.0119276 0.265786 0.918231 0.191317 0.873959 0.133095 0.837825 0.102961 0.811035 0.0672127 0.0195788 0.472 1.73856e-14 0
2.53769 -1.11769 1.57 -1.527 1.11769 0.0672127 0.0195788 0.265775 0.917962 0.191523 0.873508 0.133586 0.837152 0.103796 0.81016 0.0390723 0.000293239 0.474 3.42201e-15 0
2.54105 -1.11678 1.57 -1.527 1.11678 0.0672127 0.0195788 0.266316 0.91923 0.191572 0.874969 0.132993 0.838821 0.102359 0.812028 -0.01488 -0.036974 0.479 1.40549e-14 0
2.54105 -1.11678 1.57 -1.527 1.11678 0.0672127 0.0195788 0.266316 0.91923 0.191572 0.874969 0.132993 0.838821 0.102359 0.812028 -0.01488 -0.036974 0.474 4.95447e-15 0
2.54441 -1.11583 1.57 -1.527 1.11583 -0.01488 -0.036974 0.26697 0.920842 0.191563 0.876883 0.132132 0.841061 0.100353 0.814576 -0.0692204 -0.0746402 0.477 1.20189e-14 0
2.54441 -1.11583 1.57 -1.527 1.11583 -0.01488 -0.036974 0.26697 0.920842 0.191563 0.876883 0.132132 0.841061 0.100353 0.814576 -0.0692204 -0.0746402 0.472 1.41509e-14 0
2.54367 -1.11708 1.57 -1.527 1.11708 -0.0692204 -0.0746402 0.267612 0.922405 0.191548 0.878764 0.131315 0.843276 0.0983525 0.817107 -0.0474942 -0.0595847 0.466 1.26147e-14 0
2.54367 -1.11708 1.57 -1.527 1.11708 -0.0692204 -0.0746402 0.267612 0.922405 0.191548 0.878764 0.131315 0.843276 0.0983525 0.817107 -0.0474942 -0.0595847 0.473 1.89465e-14 0
2.5402 -1.12048 1.57 -1.527 1.12048 -0.0474942 -0.0595847 0.267534 0.922091 0.191684 0.87828 0.131716 0.842603 0.0991226 0.81626 0.0310986 -0.00498146 0.462 8.25486e-15 0
2.53783 -1.12371 1.57 -1.527 1.12371 -0.0474942 -0.0595847 0.266944 0.920337 0.191973 0.875998 0.133112 0.839721 0.102036 0.812819 0.074577 0.0253583 0.456 1.04754e-14 0
2.53783 -1.12371 1.57 -1.527 1.12371 -0.0474942 -0.0595847 0.266944 0.920337 0.191973 0.875998 0.133112 0.839721 0.102036 0.812819 0.074577 0.0253583 0.467 9.19439e-15 0
2.53545 -1.12671 1.57 -1.527 1.12671 0.074577 0.0253583 0.266555 0.919034 0.192272 0.874265 0.13431 0.837486 0.104372 0.810117 0.10282 0.0451429 0.454 3.31003e-15 0
2.53545 -1.12671 1.57 -1.527 1.12671 0.074577 0.0253583 0.266555 0.919034 0.192272 0.874265 0.13431 0.837486 0.104372 0.810117 0.10282 0.0451429 0.459 3.48105e-15 0
2.53918 -1.12642 1.57 -1.527 1.12642 0.10282 0.0451429 0.266201 0.917835 0.192572 0.872653 0.135444 0.835389 0.1066 0.807571 0.078024 0.0280802 0.466 6.5664e-15 0
2.54433 -1.12433 1.57 -1.527 1.12433 0.10282 0.0451429 0.266875 0.91943 0.1926 0.87452 0.134653 0.837554 0.104682 0.810019 0.0116257 -0.0183026 0.493 2.33296e-15 0
2.54433 -1.12433 1.57 -1.527 1.12433 0.10282 0.0451429 0.266875 0.91943 0.1926 0.87452 0.134653 0.837554 0.104682 0.810019 0.0116257 -0.0183026 0.471 8.47375e-15 0
2.54947 -1.12208 1.57 -1.527 1.12208 0.0116257 -0.0183026 0.267861 0.921949 0.192508 0.877551 0.13319 0.841156 0.101361 0.814161 -0.0784265 -0.081479 0.465 5.00133e-15 0
2.55005 -1.12232 1.57 -1.527 1.12232 -0.0784265 -0.081479 0.268831 0.9244 0.19241 0.880538 0.13181 0.844737 0.0980314 0.8183 -0.0839099 -0.0853653 0.755 1.65736e-14 0
2.55005 -1.12232 1.57 -1.527 1.12232 -0.0784265 -0.081479 0.268831 0.9244 0.19241 0.880538 0.13181 0.844737 0.0980314 0.8183 -0.0839099 -0.0853653 0.758 2.24222e-14 0
2.55005 -1.12232 1.57 -1.527 1.12232 -0.0784265 -0.081479 0.268831 0.9244 0.19241 0.880538 0.13181 0.844737 0.0980314 0.8183 -0.0839099 -0.0853653 0.775 2.24876e-14 0
2.54613 -1.1258 1.57 -1.527 1.1258 -0.0839099 -0.0853653 0.268991 0.924732 0.192476 0.880884 0.131766 0.845091 0.0977953 0.818665 0.00129988 -0.0254868 0.763 3.83517e-15 0
2.54193 -1.13013 1.57 -1.527 1.13013 -0.0839099 -0.0853653 0.26831 0.922792 0.192746 0.878382 0.133187 0.841948 0.100939 0.814925 0.0768203 0.0277203 0.743 1.55282e-14 0
2.54193 -1.13013 1.57 -1.527 1.13013 -0.0839099 -0.0853653 0.26831 0.922792 0.192746 0.878382 0.133187 0.841948 0.100939 0.814925 0.0768203 0.0277203 0.742 2.65872e-15 0
2.53774 -1.13444 1.57 -1.527 1.13444 0.0768203 0.0277203 0.267585 0.920607 0.193116 0.875555 0.134936 0.838377 0.10456 0.81066 0.116352 0.055653 0.714 1.81655e-14 0
2.53774 -1.13444 1.57 -1.527 1.13444 0.0768203 0.0277203 0.267585 0.920607 0.193116 0.875555 0.134936 0.838377 0.10456 0.81066 0.116352 0.055653 0.733 3.45267e-15 0
2.54158 -1.13432 1.57 -1.527 1.13432 0.116352 0.055653 0.266907 0.918499 0.19352 0.872806 0.136708 0.834881 0.108163 0.806467 0.09863 0.0434699 0.768 8.16357e-15 0
2.54158 -1.13432 1.57 -1.527 1.13432 0.116352 0.055653 0.266907 0.918499 0.19352 0.872806 0.136708 0.834881 0.108163 0.806467 0.09863 0.0434699 0.783 2.40337e-14 0
2.5474 -1.13176 1.57 -1.527 1.13176 0.09863 0.0434699 0.267598 0.920101 0.193566 0.874672 0.135952 0.837036 0.106266 0.808898 0.0404835 0.00241281 0.495 2.69496e-15 0
2.5474 -1.13176 1.57 -1.527 1.13176 0.09863 0.0434699 0.267598 0.920101 0.193566 0.874672 0.135952 0.837036 0.106266 0.808898 0.0404835 0.00241281 0.766 3.91782e-15 0
2.55233 -1.12945 1.57 -1.527 1.12945 0.0404835 0.00241281 0.268716 0.922968 0.193445 0.878133 0.134276 0.841163 0.10244 0.813653 -0.0469132 -0.0596213 0.484 5.37898e-15 0
2.55233 -1.12945 1.57 -1.527 1.12945 0.0404835 0.00241281 0.268716 0.922968 0.193445 0.878133 0.134276 0.841163 0.10244 0.813653 -0.0469132 -0.0596213 0.496 9.01946e-15 0
2.55435 -1.12893 1.57 -1.527 1.12893 0.0404835 0.00241281 0.269656 0.925354 0.193347 0.881037 0.132932 0.84465 0.0991866 0.81769 -0.0787337 -0.0822853 0.494 3.3714e-15 0
2.55638 -1.12888 1.57 -1.527 1.12888 -0.0469132 -0.0596213 0.270067 0.926325 0.193378 0.882185 0.132479 0.84599 0.0979947 0.819214 -0.105981 -0.10179 0.496 1.41225e-14 0
2.55638 -1.12888 1.57 -1.527 1.12888 -0.0469132 -0.0596213 0.270067 0.926325 0.193378 0.882185 0.132479 0.84599 0.0979947 0.819214 -0.105981 -0.10179 0.494 7.52878e-15 0
2.55403 -1.13123 1.57 -1.527 1.13123 -0.105981 -0.10179 0.270457 0.927184 0.193452 0.883183 0.132132 0.847136 0.0970068 0.820502 -0.0527124 -0.0638593 0.496 1.96816e-15 0
2.55403 -1.13123 1.57 -1.527 1.13123 -0.105981 -0.10179 0.270457 0.927184 0.193452 0.883183 0.132132 0.847136 0.0970068 0.820502 -0.0527124 -0.0638593 0.773 1.38149e-14 0
2.54873 -1.13596 1.57 -1.527 1.13596 -0.0527124 -0.0638593 0.270087 0.926095 0.193626 0.881735 0.13303 0.845272 0.0989387 0.81825 0.0586561 0.0156251 0.794 8.55244e-15 0
2.54873 -1.13596 1.57 -1.527 1.13596 -0.0527124 -0.0638593 0.270087 0.926095 0.193626 0.881735 0.13303 0.845272 0.0989387 0.81825 0.0586561 0.0156251 0.782 1.07839e-14 0
2.5461 -1.13964 1.57 -1.527 1.13964 0.0586561 0.0156251 0.269156 0.923449 0.193982 0.878339 0.134961 0.841011 0.103209 0.813181 0.0935104 0.0406566 0.761 7.47797e-15 0
2.5461 -1.13964 1.57 -1.527 1.13964 0.0586561 0.0156251 0.269156 0.923449 0.193982 0.878339 0.134961 0.841011 0.103209 0.813181 0.0935104 0.0406566 0.809 1.37467e-14 0
2.54903 -1.13971 1.57 -1.527 1.13971 0.0935104 0.0406566 0.268711 0.921984 0.194316 0.876392 0.136267 0.838498 0.10584 0.810142 0.0743405 0.0271099 0.811 4.88746e-15 0
2.54903 -1.13971 1.57 -1.527 1.13971 0.0935104 0.0406566 0.268711 0.921984 0.194316 0.876392 0.136267 0.838498 0.10584 0.810142 0.0743405 0.0271099 0.805 5.29335e-15 0
2.55371 -1.1379 1.57 -1.527 1.1379 0.0743405 0.0271099 0.269281 0.923256 0.194394 0.87785 0.135738 0.840156 0.104433 0.81199 0.0147895 -0.0155947 0.824 1.42242e-14 0
2.55371 -1.1379 1.57 -1.527 1.1379 0.0743405 0.0271099 0.269281 0.923256 0.194394 0.87785 0.135738 0.840156 0.104433 0.81199 0.0147895 -0.0155947 0.809 4.26133e-15 0
2.55742 -1.1364 1.57 -1.527 1.1364 0.0147895 -0.0155947 0.270194 0.92552 0.194343 0.880572 0.134539 0.843387 0.10147 0.815705 -0.048382 -0.0610819 0.823 1.81938e-14 0
2.55742 -1.1364 1.57 -1.527 1.1364 0.0147895 -0.0155947 0.270194 0.92552 0.194343 0.880572 0.134539 0.843387 0.10147 0.815705 -0.048382 -0.0610819 0.852 4.06039e-15 0
2.55816 -1.13677 1.57 -1.527 1.13677 -0.048382 -0.0610819 0.270925 0.927312 0.194339 0.882731 0.133595 0.845959 0.0991086 0.818667 -0.0546018 -0.0656086 0.826 1.40849e-14 0
2.55816 -1.13677 1.57 -1.527 1.13677 -0.048382 -0.0610819 0.270925 0.927312 0.194339 0.882731 0.133595 0.845959 0.0991086 0.818667 -0.0546018 -0.0656086 0.857 2.24757e-14 0
2.55574 -1.13942 1.57 -1.527 1.13942 -0.0546018 -0.0656086 0.271103 0.92766 0.194423 0.883095 0.133552 0.846332 0.0988595 0.819051 0.00233141 -0.0245453 0.589 3.21454e-15 0
2.55574 -1.13942 1.57 -1.527 1.13942 -0.0546018 -0.0656086 0.271103 0.92766 0.194423 0.883095 0.133552 0.846332 0.0988595 0.819051 0.00233141 -0.0245453 0.852 5.88035e-15 0
2.55301 -1.14273 1.57 -1.527 1.14273 -0.0546018 -0.0656086 0.270694 0.926446 0.194611 0.881497 0.134528 0.844286 0.100963 0.816588 0.0622043 0.0187613 0.711 5.50138e-15 0
2.55029 -1.14605 1.57 -1.527 1.14605 0.00233141 -0.0245453 0.270227 0.925007 0.19488 0.8796 0.13571 0.841854 0.103481 0.813657 0.0958992 0.0432331 0.834 4.49191e-15 0
2.55029 -1.14605 1.57 -1.527 1.14605 0.00233141 -0.0245453 0.270227 0.925007 0.19488 0.8796 0.13571 0.841854 0.103481 0.813657 0.0958992 0.0432331 0.745 3.52296e-15 0
2.5504 -1.14775 1.57 -1.527 1.14775 0.0958992 0.0432331 0.269787 0.923617 0.195186 0.87775 0.136921 0.839464 0.105991 0.810765 0.101081 0.0471416 0.834 3.55809e-15 0
2.5504 -1.14775 1.57 -1.527 1.14775 0.0958992 0.0432331 0.269787 0.923617 0.195186 0.87775 0.136921 0.839464 0.105991 0.810765 0.101081 0.0471416 0.763 1.81882e-14 0
2.5552 -1.14629 1.57 -1.527 1.14629 0.101081 0.0471416 0.269848 0.92354 0.195378 0.877538 0.13728 0.839085 0.106549 0.810233 0.0646887 0.0208604 0.841 3.13576e-14 0
2.5552 -1.14629 1.57 -1.527 1.14629 0.101081 0.0471416 0.269848 0.92354 0.195378 0.877538 0.13728 0.839085 0.106549 0.810233 0.0646887 0.0208604 0.806 6.26637e-15 0
2.56025 -1.14394 1.57 -1.527 1.14394 0.0646887 0.0208604 0.270755 0.925736 0.195344 0.880169 0.136125 0.842203 0.10369 0.813812 -0.0136677 -0.0362307 0.832 1.5623e-14 0
2.56025 -1.14394 1.57 -1.527 1.14394 0.0646887 0.0208604 0.270755 0.925736 0.195344 0.880169 0.136125 0.842203 0.10369 0.813812 -0.0136677 -0.0362307 0.836 2.07222e-14 0
2.56349 -1.14264 1.57 -1.527 1.14264 -0.0136677 -0.0362307 0.271745 0.928198 0.195308 0.883157 0.13477 0.845783 0.100362 0.817952 -0.0681865 -0.0760915 0.812 1.09655e-14 0
2.56349 -1.14264 1.57 -1.527 1.14264 -0.0136677 -0.0362307 0.271745 0.928198 0.195308 0.883157 0.13477 0.845783 0.100362 0.817952 -0.0681865 -0.0760915 0.833 2.11194e-14 0
2.5628 -1.14391 1.57 -1.527 1.14391 -0.0681865 -0.0760915 0.272387 0.929745 0.195349 0.885024 0.13396 0.848008 0.0983212 0.820516 -0.0471611 -0.0607706 0.816 6.9105e-15 0
2.5628 -1.14391 1.57 -1.527 1.14391 -0.0681865 -0.0760915 0.272387 0.929745 0.195349 0.885024 0.13396 0.848008 0.0983212 0.820516 -0.0471611 -0.0607706 0.81 2.46192e-14 0
2.55939 -1.14739 1.57 -1.527 1.14739 -0.0471611 -0.0607706 0.272302 0.929413 0.195458 0.884538 0.134347 0.847337 0.0990799 0.819674 0.0303908 -0.00402171 0.804 1.55861e-14 0
2.55939 -1.14739 1.57 -1.527 1.14739 -0.0471611 -0.0607706 0.272302 0.929413 0.195458 0.884538 0.134347 0.847337 0.0990799 0.819674 0.0303908 -0.00402171 0.502 6.86016e-15 0
2.55704 -1.15066 1.57 -1.527 1.15066 0.0303908 -0.00402171 0.271702 0.927694 0.195664 0.882301 0.135665 0.844499 0.101964 0.816275 0.0733724 0.0275452 0.507 5.42682e-15 0
2.55704 -1.15066 1.57 -1.527 1.15066 0.0303908 -0.00402171 0.271702 0.927694 0.195664 0.882301 0.135665 0.844499 0.101964 0.816275 0.0733724 0.0275452 0.495 7.26283e-15 0
2.55856 -1.15147 1.57 -1.527 1.15147 0.0733725 0.0275452 0.271301 0.926414 0.195925 0.880592 0.136775 0.842287 0.104288 0.813593 0.0673055 0.023203 0.487 7.59537e-15 0
2.55856 -1.15147 1.57 -1.527 1.15147 0.0733725 0.0275452 0.271301 0.926414 0.195925 0.880592 0.136775 0.842287 0.104288 0.813593 0.0673055 0.023203 0.496 3.04548e-15 0
2.56222 -1.1504 1.57 -1.527 1.1504 0.0673055 0.023203 0.27162 0.927011 0.196066 0.88122 0.136699 0.842937 0.103847 0.814269 0.0223427 -0.00986445 0.513 8.95612e-15 0
2.56222 -1.1504 1.57 -1.527 1.1504 0.0673055 0.023203 0.27162 0.927011 0.196066 0.88122 0.136699 0.842937 0.103847 0.814269 0.0223427 -0.00986445 0.513 1.24663e-14 0
2.56559 -1.14919 1.57 -1.527 1.14919 0.0223427 -0.00986445 0.272352 0.92874 0.196119 0.883277 0.135858 0.845357 0.101668 0.817035 -0.0327478 -0.0505615 0.496 1.08146e-14 0
2.56559 -1.14919 1.57 -1.527 1.14919 0.0223427 -0.00986445 0.272352 0.92874 0.196119 0.883277 0.135858 0.845357 0.101668 0.817035 -0.0327478 -0.0505615 0.535 1.8277e-14 0
2.56671 -1.14938 1.57 -1.527 1.14938 0.0223427 -0.00986445 0.27303 0.930347 0.196182 0.885203 0.135047 0.84764 0.0995936 0.819657 -0.045393 -0.0599689 0.532 7.53221e-15 0
2.56782 -1.14993 1.57 -1.527 1.14993 -0.0327478 -0.0505615 0.273283 0.93087 0.19628 0.885782 0.134907 0.848274 0.099102 0.820345 -0.0544548 -0.0667765 0.536 1.86457e-14 0
2.56782 -1.14993 1.57 -1.527 1.14993 -0.0327478 -0.0505615 0.273283 0.93087 0.19628 0.885782 0.134907 0.848274 0.099102 0.820345 -0.0544548 -0.0667765 0.516 5.58639e-15 0
2.56619 -1.15208 1.57 -1.527 1.15208 -0.0544548 -0.0667765 0.273518 0.931302 0.196399 0.88624 0.134846 0.848753 0.0987686 0.820846 -0.0128096 -0.0359315 0.506 1.60956e-14 0
2.56619 -1.15208 1.57 -1.527 1.15208 -0.0544548 -0.0667765 0.273518 0.931302 0.196399 0.88624 0.134846 0.848753 0.0987686 0.820846 -0.0128096 -0.0359315 0.514 1.69975e-14 0
2.56346 -1.15532 1.57 -1.527 1.15532 -0.0128096 -0.0359315 0.273267 0.930517 0.196544 0.885164 0.135579 0.847335 0.10029 0.81911 0.0533358 0.0132144 0.509 6.67049e-15 0
2.56346 -1.15532 1.57 -1.527 1.15532 -0.0128096 -0.0359315 0.273267 0.930517 0.196544 0.885164 0.135579 0.847335 0.10029 0.81911 0.0533358 0.0132144 0.505 8.96713e-15 0
2.56282 -1.15748 1.57 -1.527 1.15748 0.0533358 0.0132144 0.272796 0.929114 0.196745 0.88331 0.136734 0.844953 0.102761 0.816235 0.0682365 0.0243701 0.516 2.34182e-15 0
2.56282 -1.15748 1.57 -1.527 1.15748 0.0533358 0.0132144 0.272796 0.929114 0.196745 0.88331 0.136734 0.844953 0.102761 0.816235 0.0682365 0.0243701 0.515 1.47963e-14 0
2.56549 -1.15733 1.57 -1.527 1.15733 0.0682365 0.0243701 0.272713 0.92867 0.196944 0.882644 0.137314 0.844018 0.103851 0.815052 0.0464685 0.00820149 0.535 3.02368e-14 0
2.56549 -1.15733 1.57 -1.527 1.15733 0.0682365 0.0243701 0.272713 0.92867 0.196944 0.882644 0.137314 0.844018 0.103851 0.815052 0.0464685 0.00820149 0.519 1.7916e-15 0
2.5689 -1.15621 1.57 -1.527 1.15621 0.0464685 0.00820149 0.273252 0.929851 0.197057 0.884011 0.136842 0.845586 0.102505 0.816814 -0.00804306 -0.0325821 0.521 4.96841e-15 0
2.5689 -1.15621 1.57 -1.527 1.15621 0.0464685 0.00820149 0.273252 0.929851 0.197057 0.884011 0.136842 0.845586 0.102505 0.816814 -0.00804306 -0.0325821 0.515 2.31684e-15 0
2.57123 -1.15565 1.57 -1.527 1.15565 -0.00804306 -0.0325821 0.273948 0.931475 0.197149 0.885949 0.136045 0.847874 0.100441 0.819434 -0.0431197 -0.0589333 0.522 1.371e-14 0
2.57123 -1.15565 1.57 -1.527 1.15565 -0.00804306 -0.0325821 0.273948 0.931475 0.197149 0.885949 0.136045 0.847874 0.100441 0.819434 -0.0431197 -0.0589333 0.518 4.50681e-15 0
2.57083 -1.15691 1.57 -1.527 1.15691 -0.0431197 -0.0589333 0.274439 0.93257 0.197254 0.88724 0.135553 0.849382 0.0991129 0.821147 -0.0258392 -0.0460242 0.525 1.04595e-14 0
2.57083 -1.15691 1.57 -1.527 1.15691 -0.0431197 -0.0589333 0.274439 0.93257 0.197254 0.88724 0.135553 0.849382 0.0991129 0.821147 -0.0258392 -0.0460242 0.518 5.0102e-15 0
2.56867 -1.15966 1.57 -1.527 1.15966 -0.0258392 -0.0460242 0.274406 0.932357 0.197369 0.886894 0.135892 0.848872 0.099734 0.820487 0.02815 -0.00547022 0.514 1.33216e-14 0
2.56867 -1.15966 1.57 -1.527 1.15966 -0.0258392 -0.0460242 0.274406 0.932357 0.197369 0.886894 0.135892 0.848872 0.099734 0.820487 0.02815 -0.00547022 0.509 4.55464e-15 0
2.56738 -1.16215 1.57 -1.527 1.16215 0.02815 -0.00547022 0.274031 0.931246 0.197523 0.88541 0.13684 0.846951 0.101744 0.818159 0.0612932 0.0195153 0.52 6.89183e-15 0
2.56738 -1.16215 1.57 -1.527 1.16215 0.02815 -0.00547022 0.274031 0.931246 0.197523 0.88541 0.13684 0.846951 0.101744 0.818159 0.0612932 0.0195153 0.519 1.34146e-14 0
2.56878 -1.16285 1.57 -1.527 1.16285 0.0612932 0.0195153 0.273825 0.930507 0.197711 0.884377 0.137595 0.84557 0.103259 0.816454 0.0556625 0.015325 0.521 1.01411e-14 0
2.56878 -1.16285 1.57 -1.527 1.16285 0.0612932 0.0195153 0.273825 0.930507 0.197711 0.884377 0.137595 0.84557 0.103259 0.816454 0.0556625 0.015325 0.505 5.03176e-15 0
2.57185 -1.16212 1.57 -1.527 1.16212 0.0556625 0.015325 0.27413 0.931072 0.197862 0.884975 0.137521 0.846193 0.102834 0.817103 0.0113169 -0.0182263 0.529 3.16532e-15 0
2.57185 -1.16212 1.57 -1.527 1.16212 0.0556625 0.015325 0.27413 0.931072 0.197862 0.884975 0.137521 0.846193 0.102834 0.817103 0.0113169 -0.0182263 0.521 5.28053e-15 0
2.57463 -1.16132 1.57 -1.527 1.16132 0.0113169 -0.0182263 0.274763 0.932493 0.197983 0.886655 0.136868 0.848159 0.101089 0.819341 -0.0317284 -0.0509288 0.526 7.9467e-15 0
2.57463 -1.16132 1.57 -1.527 1.16132 0.0113169 -0.0182263 0.274763 0.932493 0.197983 0.886655 0.136868 0.848159 0.101089 0.819341 -0.0317284 -0.0509288 0.518 1.16306e-14 0
2.5752 -1.16193 1.57 -1.527 1.16193 -0.0317284 -0.0509288 0.275354 0.933805 0.198106 0.888213 0.136251 0.849991 0.099472 0.821431 -0.0330075 -0.0519751 0.525 1.87751e-14 0
2.5752 -1.16193 1.57 -1.527 1.16193 -0.0317284 -0.0509288 0.275354 0.933805 0.198106 0.888213 0.136251 0.849991 0.099472 0.821431 -0.0330075 -0.0519751 0.518 1.08407e-14 0
2.57361 -1.16421 1.57 -1.527 1.16421 -0.0330075 -0.0519751 0.275512 0.93406 0.198224 0.888452 0.136296 0.850203 0.0994053 0.821618 0.00910875 -0.0199871 0.523 3.25328e-15 0
2.57361 -1.16421 1.57 -1.527 1.16421 -0.0330075 -0.0519751 0.275512 0.93406 0.198224 0.888452 0.136296 0.850203 0.0994053 0.821618 0.00910875 -0.0199871 0.516 4.98707e-15 0
2.57196 -1.16686 1.57 -1.527 1.16686 0.00910875 -0.0199871 0.275239 0.933243 0.19835 0.887339 0.137047 0.84874 0.100947 0.819831 0.0547144 0.0147684 0.522 5.36976e-15 0
2.57196 -1.16686 1.57 -1.527 1.16686 0.00910875 -0.0199871 0.275239 0.933243 0.19835 0.887339 0.137047 0.84874 0.100947 0.819831 0.0547144 0.0147684 0.509 9.54273e-15 0
2.57242 -1.16821 1.57 -1.527 1.16821 0.0547144 0.0147684 0.274956 0.932347 0.198516 0.886113 0.137891 0.847124 0.102678 0.817852 0.0583342 0.0175715 0.51 5.71877e-15 0
2.57242 -1.16821 1.57 -1.527 1.16821 0.0547144 0.0147684 0.274956 0.932347 0.198516 0.886113 0.137891 0.847124 0.102678 0.817852 0.0583342 0.0175715 0.508 1.98671e-14 0
2.57515 -1.16782 1.57 -1.527 1.16782 0.0583342 0.0175715 0.275083 0.932451 0.198684 0.886133 0.138115 0.847035 0.102945 0.817664 0.0245149 -0.00831729 0.526 3.97725e-15 0
2.57515 -1.16782 1.57 -1.527 1.16782 0.0583342 0.0175715 0.275083 0.932451 0.198684 0.886133 0.138115 0.847035 0.102945 0.817664 0.0245149 -0.00831729 0.506 6.68238e-15 0
2.57807 -1.16696 1.57 -1.527 1.16696 0.0245149 -0.00831729 0.275658 0.933686 0.19883 0.887578 0.137592 0.848709 0.101501 0.819554 -0.0204181 -0.0428642 0.523 1.81007e-14 0
2.57807 -1.16696 1.57 -1.527 1.16696 0.0245149 -0.00831729 0.275658 0.933686 0.19883 0.887578 0.137592 0.848709 0.101501 0.819554 -0.0204181 -0.0428642 0.517 8.62769e-15 0
2.5793 -1.16715 1.57 -1.527 1.16715 -0.0204181 -0.0428642 0.276289 0.93506 0.198974 0.88921 0.136947 0.85063 0.099832 0.821745 -0.0339847 -0.0533835 0.506 4.85342e-15 0
2.5793 -1.16715 1.57 -1.527 1.16715 -0.0204181 -0.0428642 0.276289 0.93506 0.198974 0.88921 0.136947 0.85063 0.099832 0.821745 -0.0339847 -0.0533835 0.517 4.76556e-15 0
2.57828 -1.16901 1.57 -1.527 1.16901 -0.0339847 -0.0533835 0.276584 0.935627 0.199105 0.889839 0.136798 0.851321 0.0993248 0.822495 -0.00317779 -0.0297262 0.523 1.17917e-14 0
2.57828 -1.16901 1.57 -1.527 1.16901 -0.0339847 -0.0533835 0.276584 0.935627 0.199105 0.889839 0.136798 0.851321 0.0993248 0.822495 -0.00317779 -0.0297262 0.517 1.14426e-14 0
2.57658 -1.17164 1.57 -1.527 1.17164 -0.00317779 -0.0297262 0.276419 0.935094 0.19922 0.889083 0.137364 0.850298 0.10043 0.821225 0.0435741 0.00631847 0.52 1.88874e-14 0
2.57658 -1.17164 1.57 -1.527 1.17164 -0.00317779 -0.0297262 0.276419 0.935094 0.19922 0.889083 0.137364 0.850298 0.10043 0.821225 0.0435741 0.00631847 0.498 7.94868e-15 0
2.57642 -1.1734 1.57 -1.527 1.1734 0.0435741 0.00631847 0.276117 0.934188 0.199363 0.887846 0.138208 0.848669 0.102141 0.819232 0.05817 0.0176202 0.52 4.74409e-15 0
2.57642 -1.1734 1.57 -1.527 1.1734 0.0435741 0.00631847 0.276117 0.934188 0.199363 0.887846 0.138208 0.848669 0.102141 0.819232 0.05817 0.0176202 0.498 1.34837e-14 0
2.5786 -1.17344 1.57 -1.527 1.17344 0.05817 0.0176202 0.276123 0.933998 0.199531 0.887499 0.13862 0.848128 0.102842 0.818512 0.0357875 0.000274644 0.521 6.47826e-15 0
2.5786 -1.17344 1.57 -1.527 1.17344 0.05817 0.0176202 0.276123 0.933998 0.199531 0.887499 0.13862 0.848128 0.102842 0.818512 0.0357875 0.000274644 0.504 1.85368e-14 0
2.58151 -1.17267 1.57 -1.527 1.17267 0.0357875 0.000274644 0.276598 0.934952 0.199696 0.888589 0.138285 0.849364 0.101844 0.819885 -0.0079615 -0.0337835 0.523 9.73591e-15 0
2.58151 -1.17267 1.57 -1.527 1.17267 0.0357875 0.000274644 0.276598 0.934952 0.199696 0.888589 0.138285 0.849364 0.101844 0.819885 -0.0079615 -0.0337835 0.523 4.8235e-15 0
2.5833 -1.1725 1.57 -1.527 1.1725 -0.0079615 -0.0337835 0.277236 0.936307 0.199861 0.890196 0.137662 0.85125 0.10024 0.822033 -0.0317885 -0.0524378 0.507 9.39427e-15 0
2.5833 -1.1725 1.57 -1.527 1.1725 -0.0079615 -0.0337835 0.277236 0.936307 0.199861 0.890196 0.137662 0.85125 0.10024 0.822033 -0.0317885 -0.0524378 0.522 1.28725e-14 0
2.5829 -1.17391 1.57 -1.527 1.17391 -0.0317885 -0.0524378 0.277653 0.937139 0.200012 0.891156 0.137351 0.852348 0.099375 0.823259 -0.013179 -0.0380094 0.527 5.19776e-15 0
2.5829 -1.17391 1.57 -1.527 1.17391 -0.0317885 -0.0524378 0.277653 0.937139 0.200012 0.891156 0.137351 0.852348 0.099375 0.823259 -0.013179 -0.0380094 0.503 9.81016e-15 0
2.58131 -1.17641 1.57 -1.527 1.17641 -0.013179 -0.0380094 0.277614 0.936914 0.200129 0.890785 0.137721 0.851801 0.100027 0.822549 0.0308703 -0.0036383 0.485 2.55267e-15 0
2.58131 -1.17641 1.57 -1.527 1.17641 -0.013179 -0.0380094 0.277614 0.936914 0.200129 0.890785 0.137721 0.851801 0.100027 0.822549 0.0308703 -0.0036383 0.497 3.40657e-15 0
2.58065 -1.1785 1.57 -1.527 1.1785 0.0308703 -0.0036383 0.277326 0.936075 0.200251 0.889633 0.138516 0.850277 0.101608 0.82068 0.0565 0.0164264 0.489 2.73124e-15 0
2.58065 -1.1785 1.57 -1.527 1.1785 0.0308703 -0.0036383 0.277326 0.936075 0.200251 0.889633 0.138516 0.850277 0.101608 0.82068 0.0565 0.0164264 0.495 5.30553e-15 0
2.5822 -1.17903 1.57 -1.527 1.17903 0.0565 0.0164264 0.277229 0.93565 0.20041 0.888991 0.139078 0.849373 0.102643 0.819532 0.0453618 0.00768082 0.492 1.74833e-14 0
2.5822 -1.17903 1.57 -1.527 1.17903 0.0565 0.0164264 0.277229 0.93565 0.20041 0.888991 0.139078 0.849373 0.102643 0.819532 0.0453618 0.00768082 0.504 5.00179e-15 0
2.58502 -1.1784 1.57 -1.527 1.1784 0.0453618 0.00768082 0.277583 0.936289 0.200586 0.889685 0.138953 0.850119 0.102131 0.820326 0.0043726 -0.024646 0.498 1.60106e-14 0
2.58502 -1.1784 1.57 -1.527 1.1784 0.0453618 0.00768082 0.277583 0.936289 0.200586 0.889685 0.138953 0.850119 0.102131 0.820326 0.0043726 -0.024646 0.502 1.87456e-14 0
2.58729 -1.17794 1.57 -1.527 1.17794 0.0043726 -0.024646 0.278213 0.937586 0.200772 0.891216 0.138378 0.851908 0.100649 0.822357 -0.0279869 -0.0502901 0.508 7.70194e-15 0
2.58729 -1.17794 1.57 -1.527 1.17794 0.0043726 -0.024646 0.278213 0.937586 0.200772 0.891216 0.138378 0.851908 0.100649 0.822357 -0.0279869 -0.0502901 0.497 2.32687e-14 0
2.58751 -1.1789 1.57 -1.527 1.1789 -0.0279869 -0.0502901 0.278739 0.938642 0.200949 0.892455 0.137932 0.853348 0.0994971 0.823984 -0.021287 -0.0451034 0.493 4.72742e-15 0
2.58751 -1.1789 1.57 -1.527 1.1789 -0.0279869 -0.0502901 0.278739 0.938642 0.200949 0.892455 0.137932 0.853348 0.0994971 0.823984 -0.021287 -0.0451034 0.509 1.2136e-15 0
2.58611 -1.18123 1.57 -1.527 1.18123 -0.021287 -0.0451034 0.278832 0.938718 0.201077 0.892463 0.13811 0.853269 0.0997228 0.823823 0.0186218 -0.0135752 0.483 1.0863e-14 0
2.58611 -1.18123 1.57 -1.527 1.18123 -0.021287 -0.0451034 0.278832 0.938718 0.201077 0.892463 0.13811 0.853269 0.0997228 0.823823 0.0186218 -0.0135752 0.502 1.57707e-14 0
2.58504 -1.18359 1.57 -1.527 1.18359 0.0186218 -0.0135752 0.278576 0.937982 0.201184 0.891441 0.138835 0.851907 0.101127 0.822144 0.0541581 0.0145979 0.491 2.66988e-15 0
2.58504 -1.18359 1.57 -1.527 1.18359 0.0186218 -0.0135752 0.278576 0.937982 0.201184 0.891441 0.138835 0.851907 0.101127 0.822144 0.0541581 0.0145979 0.485 5.40707e-15 0
2.58598 -1.18459 1.57 -1.527 1.18459 0.0541581 0.0145979 0.27839 0.937369 0.201326 0.890562 0.139517 0.85071 0.102415 0.820651 0.053037 0.0136971 0.501 8.87613e-15 0
2.58598 -1.18459 1.57 -1.527 1.18459 0.0541581 0.0145979 0.27839 0.937369 0.201326 0.890562 0.139517 0.85071 0.102415 0.820651 0.053037 0.0136971 0.5 4.63545e-15 0
2.58868 -1.18413 1.57 -1.527 1.18413 0.0541581 0.0145979 0.278623 0.937708 0.201506 0.890877 0.139594 0.850984 0.102357 0.820888 0.0154559 -0.0163487 0.492 6.6522e-15 0
2.58868 -1.18413 1.57 -1.527 1.18413 0.0541581 0.0145979 0.278623 0.937708 0.201506 0.890877 0.139594 0.850984 0.102357 0.820888 0.0154559 -0.0163487 0.488 1.50561e-14 0
2.59139 -1.1834 1.57 -1.527 1.1834 0.053037 0.0136971 0.279237 0.938931 0.201711 0.892312 0.139077 0.852653 0.10102 0.822774 -0.024606 -0.0485205 0.645 8.20826e-15 0
2.59404 -1.18273 1.57 -1.527 1.18273 0.0154559 -0.0163487 0.279868 0.94019 0.201919 0.893805 0.138509 0.854405 0.09962 0.824766 -0.0632992 -0.0797485 0.471 7.36891e-15 0
2.59404 -1.18273 1.57 -1.527 1.18273 0.0154559 -0.0163487 0.279868 0.94019 0.201919 0.893805 0.138509 0.854405 0.09962 0.824766 -0.0632992 -0.0797485 0.479 6.84774e-15 0
2.59482 -1.1833 1.57 -1.527 1.1833 -0.0632992 -0.0797485 0.280483 0.94139 0.202135 0.895231 0.137972 0.856083 0.0983072 0.826677 -0.0670871 -0.0829893 0.472 1.3637e-14 0
2.59482 -1.1833 1.57 -1.527 1.1833 -0.0632992 -0.0797485 0.280483 0.94139 0.202135 0.895231 0.137972 0.856083 0.0983072 0.826677 -0.0670871 -0.0829893 0.478 2.19333e-14 0
2.59165 -1.18675 1.57 -1.527 1.18675 -0.0670871 -0.0829893 0.280703 0.941735 0.202289 0.895576 0.137988 0.85642 0.0981778 0.827004 0.00509012 -0.0249968 0.472 7.06994e-15 0
2.59165 -1.18675 1.57 -1.527 1.18675 -0.0670871 -0.0829893 0.280703 0.941735 0.202289 0.895576 0.137988 0.85642 0.0981778 0.827004 0.00509012 -0.0249968 0.48 6.13514e-15 0
2.5883 -1.19095 1.57 -1.527 1.19095 0.00509012 -0.0249968 0.280064 0.940213 0.202312 0.893559 0.139209 0.853821 0.100629 0.823866 0.0702852 0.027531 0.475 9.44878e-15 0
2.5883 -1.19095 1.57 -1.527 1.19095 0.00509012 -0.0249968 0.280064 0.940213 0.202312 0.893559 0.139209 0.853821 0.100629 0.823866 0.0702852 0.027531 0.47 2.60326e-15 0
2.58855 -1.19278 1.57 -1.527 1.19278 0.0702852 0.027531 0.279378 0.938475 0.202403 0.891255 0.140645 0.850851 0.103515 0.820277 0.0776517 0.0335102 0.462 1.24761e-14 0
2.58855 -1.19278 1.57 -1.527 1.19278 0.0702852 0.027531 0.279378 0.938475 0.202403 0.891255 0.140645 0.850851 0.103515 0.820277 0.0776517 0.0335102 0.477 5.26562e-15 0
2.59207 -1.19186 1.57 -1.527 1.19186 0.0776517 0.0335102 0.279466 0.938442 0.202599 0.891088 0.141006 0.850514 0.104047 0.819781 0.0502342 0.0112602 0.482 1.62966e-14 0
2.59207 -1.19186 1.57 -1.527 1.19186 0.0776517 0.0335102 0.279466 0.938442 0.202599 0.891088 0.141006 0.850514 0.104047 0.819781 0.0502342 0.0112602 0.747 2.58514e-15 0
2.59595 -1.19022 1.57 -1.527 1.19022 0.0776517 0.0335102 0.280263 0.940042 0.202841 0.892987 0.140269 0.85275 0.102226 0.822326 -0.0124945 -0.0398894 0.474 6.70942e-15 0
2.59983 -1.18857 1.57 -1.527 1.18857 0.0502342 0.0112602 0.281167 0.941876 0.2031 0.895204 0.139335 0.855402 0.100062 0.825379 -0.0752309 -0.0913047 0.48 1.23687e-14 0
2.59983 -1.18857 1.57 -1.527 1.18857 0.0502342 0.0112602 0.281167 0.941876 0.2031 0.895204 0.139335 0.855402 0.100062 0.825379 -0.0752309 -0.0913047 0.475 1.1421e-14 0
2.60235 -1.18783 1.57 -1.527 1.18783 -0.0752309 -0.0913047 0.282073 0.943665 0.203387 0.897379 0.138457 0.858018 0.0979838 0.828398 -0.112458 -0.122043 0.465 4.24558e-15 0
2.60235 -1.18783 1.57 -1.527 1.18783 -0.0752309 -0.0913047 0.282073 0.943665 0.203387 0.897379 0.138457 0.858018 0.0979838 0.828398 -0.112458 -0.122043 0.476 5.9942e-15 0
2.59858 -1.1915 1.57 -1.527 1.1915 -0.112458 -0.122043 0.282693 0.944825 0.203636 0.89876 0.137999 0.859648 0.0967837 0.830255 -0.0313737 -0.0557454 0.467 1.00372e-14 0
2.59858 -1.1915 1.57 -1.527 1.1915 -0.112458 -0.122043 0.282693 0.944825 0.203636 0.89876 0.137999 0.859648 0.0967837 0.830255 -0.0313737 -0.0557454 0.475 3.82301e-15 0
2.59296 -1.19744 1.57 -1.527 1.19744 -0.0313737 -0.0557454 0.281905 0.943083 0.203569 0.896466 0.139257 0.856704 0.0994194 0.826711 0.073968 0.0305778 0.494 1.41908e-14 0
2.59296 -1.19744 1.57 -1.527 1.19744 -0.0313737 -0.0557454 0.281905 0.943083 0.203569 0.896466 0.139257 0.856704 0.0994194 0.826711 0.073968 0.0305778 0.477 3.66968e-15 0
2.59139 -1.20089 1.57 -1.527 1.20089 0.073968 0.0305778 0.280689 0.94026 0.203541 0.89279 0.141371 0.852026 0.103727 0.821104 0.0977714 0.0501821 0.486 5.47133e-15 0
2.59139 -1.20089 1.57 -1.527 1.20089 0.073968 0.0305778 0.280689 0.94026 0.203541 0.89279 0.141371 0.852026 0.103727 0.821104 0.0977714 0.0501821 0.47 1.60817e-15 0
2.59509 -1.20011 1.57 -1.527 1.20011 0.0977714 0.0501821 0.280383 0.939316 0.203723 0.891461 0.14237 0.850235 0.105602 0.818883 0.074409 0.0309413 0.514 4.97667e-15 0
2.59509 -1.20011 1.57 -1.527 1.20011 0.0977714 0.0501821 0.280383 0.939316 0.203723 0.891461 0.14237 0.850235 0.105602 0.818883 0.074409 0.0309413 0.478 6.31016e-15 0
2.59998 -1.19773 1.57 -1.527 1.19773 0.074409 0.0309413 0.281223 0.940962 0.203996 0.893405 0.141636 0.852516 0.103777 0.82147 0.0136218 -0.0194977 0.525 8.87179e-15 0
2.59998 -1.19773 1.57 -1.527 1.19773 0.074409 0.0309413 0.281223 0.940962 0.203996 0.893405 0.141636 0.852516 0.103777 0.82147 0.0136218 -0.0194977 0.481 5.2259e-15 0
2.6037 -1.19602 1.57 -1.527 1.19602 0.0136218 -0.0194977 0.282371 0.943288 0.204311 0.896236 0.140413 0.855928 0.100989 0.825414 -0.0471722 -0.0701846 0.505 1.11149e-14 0
2.6037 -1.19602 1.57 -1.527 1.19602 0.0136218 -0.0194977 0.282371 0.943288 0.204311 0.896236 0.140413 0.855928 0.100989 0.825414 -0.0471722 -0.0701846 0.498 3.09474e-15 0
2.60438 -1.19658 1.57 -1.527 1.19658 -0.0471722 -0.0701846 0.283268 0.945036 0.204605 0.898361 0.139579 0.858487 0.0989888 0.828369 -0.0495837 -0.0723979 0.517 8.93911e-15 0
2.60438 -1.19658 1.57 -1.527 1.19658 -0.0471722 -0.0701846 0.283268 0.945036 0.204605 0.898361 0.139579 0.858487 0.0989888 0.828369 -0.0495837 -0.0723979 0.486 1.97977e-14 0
2.60202 -1.19971 1.57 -1.527 1.19971 -0.0495837 -0.0723979 0.283472 0.945338 0.204758 0.898657 0.13962 0.858768 0.0989134 0.828634 0.00905464 -0.0236515 0.492 7.65993e-15 0
2.60202 -1.19971 1.57 -1.527 1.19971 -0.0495837 -0.0723979 0.283472 0.945338 0.204758 0.898657 0.13962 0.858768 0.0989134 0.828634 0.00905464 -0.0236515 0.5 6.84514e-15 0
2.59955 -1.20338 1.57 -1.527 1.20338 0.00905464 -0.0236515 0.28297 0.944159 0.204774 0.897065 0.140576 0.856688 0.100839 0.826101 0.0641821 0.0223394 0.493 1.27964e-14 0
2.59955 -1.20338 1.57 -1.527 1.20338 0.00905464 -0.0236515 0.28297 0.944159 0.204774 0.897065 0.140576 0.856688 0.100839 0.826101 0.0641821 0.0223394 0.479 2.09182e-14 0
2.6 -1.20503 1.57 -1.527 1.20503 0.0641821 0.0223393 0.282444 0.942855 0.20484 0.895299 0.141705 0.854371 0.103049 0.823272 0.0696635 0.0268925 0.453 1.28052e-14 0
2.6 -1.20503 1.57 -1.527 1.20503 0.0641821 0.0223393 0.282444 0.942855 0.20484 0.895299 0.141705 0.854371 0.103049 0.823272 0.0696635 0.0268925 0.476 4.59367e-15 0
2.60321 -1.2043 1.57 -1.527 1.2043 0.0696635 0.0268925 0.28258 0.94293 0.205042 0.895265 0.142 0.8542 0.103435 0.82297 0.04067 0.00240914 0.491 1.86649e-15 0
2.60321 -1.2043 1.57 -1.527 1.2043 0.0696635 0.0268925 0.28258 0.94293 0.205042 0.895265 0.142 0.8542 0.103435 0.82297 0.04067 0.00240914 0.481 1.6169e-14 0
2.60669 -1.20299 1.57 -1.527 1.20299 0.04067 0.00240914 0.283353 0.944374 0.20534 0.89697 0.14141 0.856202 0.10194 0.825239 -0.0129107 -0.0429991 0.494 1.5981e-14 0
2.60669 -1.20299 1.57 -1.527 1.20299 0.04067 0.00240914 0.283353 0.944374 0.20534 0.89697 0.14141 0.856202 0.10194 0.825239 -0.0129107 -0.0429991 0.5 1.29982e-14 0
2.60872 -1.20267 1.57 -1.527 1.20267 -0.0129107 -0.0429991 0.284214 0.946001 0.205659 0.898922 0.14071 0.858531 0.100188 0.827908 -0.0396096 -0.0658362 0.492 2.75834e-14 0
2.60872 -1.20267 1.57 -1.527 1.20267 -0.0129107 -0.0429991 0.284214 0.946001 0.205659 0.898922 0.14071 0.858531 0.100188 0.827908 -0.0396096 -0.0658362 0.49 1.03639e-14 0
2.60808 -1.20447 1.57 -1.527 1.20447 -0.0396096 -0.0658362 0.284741 0.946932 0.205906 0.900005 0.140423 0.859786 0.0993397 0.829316 -0.014271 -0.0445498 0.492 2.06171e-14 0
2.60808 -1.20447 1.57 -1.527 1.20447 -0.0396096 -0.0658362 0.284741 0.946932 0.205906 0.900005 0.140423 0.859786 0.0993397 0.829316 -0.014271 -0.0445498 0.502 3.83557e-15 0
2.6061 -1.20762 1.57 -1.527 1.20762 -0.014271 -0.0445497 0.284637 0.946586 0.206003 0.899467 0.140873 0.859014 0.100161 0.828325 0.0399492 0.001402 0.488 2.3676e-14 0
2.6061 -1.20762 1.57 -1.527 1.20762 -0.014271 -0.0445497 0.284637 0.946586 0.206003 0.899467 0.140873 0.859014 0.100161 0.828325 0.0399492 0.001402 0.495 1.60749e-14 0
2.60539 -1.21008 1.57 -1.527 1.21008 0.0399492 0.001402 0.284212 0.945553 0.206051 0.898044 0.141771 0.857128 0.101937 0.826008 0.063383 0.0212886 0.506 4.6693e-15 0
2.60539 -1.21008 1.57 -1.527 1.21008 0.0399492 0.001402 0.284212 0.945553 0.206051 0.898044 0.141771 0.857128 0.101937 0.826008 0.063383 0.0212886 0.491 2.98677e-15 0
2.60738 -1.21042 1.57 -1.527 1.21042 0.063383 0.0212886 0.284083 0.945087 0.206193 0.897328 0.142386 0.85611 0.103033 0.824705 0.0528995 0.0122114 0.5 5.29727e-15 0
2.60738 -1.21042 1.57 -1.527 1.21042 0.063383 0.0212886 0.284083 0.945087 0.206193 0.897328 0.142386 0.85611 0.103033 0.824705 0.0528995 0.0122114 0.502 8.50336e-15 0
2.61055 -1.20952 1.57 -1.527 1.20952 0.0528995 0.0122114 0.284585 0.945923 0.206464 0.898259 0.142212 0.857146 0.1024 0.82583 0.00758137 -0.0268926 0.492 4.17034e-15 0
2.61055 -1.20952 1.57 -1.527 1.20952 0.0528995 0.0122114 0.284585 0.945923 0.206464 0.898259 0.142212 0.857146 0.1024 0.82583 0.00758137 -0.0268926 0.487 1.36402e-14 0
2.6132 -1.20884 1.57 -1.527 1.20884 0.00758137 -0.0268926 0.285384 0.947374 0.206797 0.899981 0.141667 0.859181 0.100944 0.828144 -0.0293896 -0.0590107 0.497 1.09731e-14 0
2.6132 -1.20884 1.57 -1.527 1.20884 0.00758137 -0.0268926 0.285384 0.947374 0.206797 0.899981 0.141667 0.859181 0.100944 0.828144 -0.0293896 -0.0590107 0.503 3.02461e-15 0
2.61358 -1.20988 1.57 -1.527 1.20988 -0.0293896 -0.0590107 0.286068 0.948586 0.207106 0.901413 0.141263 0.860866 0.0997617 0.830054 -0.0233175 -0.0540248 0.498 2.06172e-15 0
2.61358 -1.20988 1.57 -1.527 1.20988 -0.0293896 -0.0590107 0.286068 0.948586 0.207106 0.901413 0.141263 0.860866 0.0997617 0.830054 -0.0233175 -0.0540248 0.488 4.03384e-15 0
2.61211 -1.21261 1.57 -1.527 1.21261 -0.0233175 -0.0540248 0.286213 0.948731 0.207271 0.901492 0.141448 0.860863 0.0999644 0.829968 0.0206255 -0.0161828 0.487 4.01317e-15 0
2.61211 -1.21261 1.57 -1.527 1.21261 -0.0233175 -0.0540248 0.286213 0.948731 0.207271 0.901492 0.141448 0.860863 0.0999644 0.829968 0.0206255 -0.0161828 0.493 3.64019e-15 0
2.61094 -1.21541 1.57 -1.527 1.21541 0.0206255 -0.0161828 0.285902 0.947958 0.207327 0.900397 0.142163 0.859383 0.101397 0.828129 0.0581016 0.0162161 0.481 6.71677e-15 0
2.61094 -1.21541 1.57 -1.527 1.21541 0.0206255 -0.0161828 0.285902 0.947958 0.207327 0.900397 0.142163 0.859383 0.101397 0.828129 0.0581016 0.0162161 0.464 1.8563e-14 0
2.61197 -1.21657 1.57 -1.527 1.21657 0.0581016 0.0162161 0.285662 0.947288 0.207431 0.899421 0.142875 0.858037 0.10274 0.826438 0.0580306 0.0160226 0.466 1.17992e-14 0
2.61197 -1.21657 1.57 -1.527 1.21657 0.0581016 0.0162161 0.285662 0.947288 0.207431 0.899421 0.142875 0.858037 0.10274 0.826438 0.0580306 0.0160226 0.462 3.26497e-15 0
2.61488 -1.21602 1.57 -1.527 1.21602 0.0580306 0.0160226 0.285945 0.947656 0.207669 0.899755 0.143005 0.858326 0.102756 0.826677 0.0233095 -0.0145567 0.477 4.89457e-15 0
2.61488 -1.21602 1.57 -1.527 1.21602 0.0580306 0.0160226 0.285945 0.947656 0.207669 0.899755 0.143005 0.858326 0.102756 0.826677 0.0233095 -0.0145567 0.463 9.12648e-15 0
2.61778 -1.21522 1.57 -1.527 1.21522 0.0233095 -0.0145567 0.28669 0.948952 0.208015 0.901274 0.142596 0.860104 0.101543 0.828683 -0.0172934 -0.0504959 0.479 6.21338e-15 0
2.61778 -1.21522 1.57 -1.527 1.21522 0.0233095 -0.0145567 0.28669 0.948952 0.208015 0.901274 0.142596 0.860104 0.101543 0.828683 -0.0172934 -0.0504959 0.472 1.16714e-14 0
2.61895 -1.21571 1.57 -1.527 1.21571 -0.0172934 -0.0504959 0.287453 0.950282 0.208368 0.902847 0.142172 0.861962 0.10023 0.830793 -0.0253703 -0.0579221 0.486 7.46666e-15 0
2.61895 -1.21571 1.57 -1.527 1.21571 -0.0172934 -0.0504959 0.287453 0.950282 0.208368 0.902847 0.142172 0.861962 0.10023 0.830793 -0.0253703 -0.0579221 0.473 1.88861e-14 0
2.61808 -1.21799 1.57 -1.527 1.21799 -0.0253703 -0.0579221 0.287794 0.950793 0.2086 0.903386 0.142183 0.862531 0.0999699 0.831381 0.00702673 -0.0295836 0.46 6.11843e-15 0
2.61808 -1.21799 1.57 -1.527 1.21799 -0.0253703 -0.0579221 0.287794 0.950793 0.2086 0.903386 0.142183 0.862531 0.0999699 0.831381 0.00702673 -0.0295836 0.46 8.07199e-15 0
2.61681 -1.22087 1.57 -1.527 1.22087 0.00702673 -0.0295836 0.287627 0.950318 0.208688 0.902665 0.142722 0.861514 0.101037 0.830086 0.0500275 0.00829902 0.445 9.76641e-15 0
2.61681 -1.22087 1.57 -1.527 1.22087 0.00702673 -0.0295836 0.287627 0.950318 0.208688 0.902665 0.142722 0.861514 0.101037 0.830086 0.0500275 0.00829902 0.455 5.43471e-15 0
2.61717 -1.22262 1.57 -1.527 1.22262 0.0500275 0.00829902 0.287357 0.949609 0.20877 0.901636 0.143432 0.8601 0.102453 0.82831 0.0592922 0.016364 0.45 2.3303e-14 0
2.61717 -1.22262 1.57 -1.527 1.22262 0.0500275 0.00829902 0.287357 0.949609 0.20877 0.901636 0.143432 0.8601 0.102453 0.82831 0.0592922 0.016364 0.449 5.42961e-15 0
2.61967 -1.22253 1.57 -1.527 1.22253 0.0592922 0.016364 0.287481 0.949651 0.208975 0.901552 0.14376 0.859863 0.102911 0.827923 0.0348605 -0.0056746 0.452 4.43349e-15 0
2.61967 -1.22253 1.57 -1.527 1.22253 0.0592922 0.016364 0.287481 0.949651 0.208975 0.901552 0.14376 0.859863 0.102911 0.827923 0.0348605 -0.0056746 0.452 1.69125e-15 0
2.62263 -1.22177 1.57 -1.527 1.22177 0.0348605 -0.0056746 0.288139 0.950734 0.209323 0.902795 0.143515 0.861292 0.101992 0.829514 -0.00538498 -0.0420618 0.451 1.02047e-14 0
2.62263 -1.22177 1.57 -1.527 1.22177 0.0348605 -0.0056746 0.288139 0.950734 0.209323 0.902795 0.143515 0.861292 0.101992 0.829514 -0.00538498 -0.0420618 0.474 4.88012e-15 0
2.62438 -1.22189 1.57 -1.527 1.22189 -0.00538498 -0.0420618 0.288933 0.952082 0.209711 0.904385 0.143131 0.863168 0.100676 0.83164 -0.0232938 -0.058539 0.478 8.26579e-15 0
2.62438 -1.22189 1.57 -1.527 1.22189 -0.00538498 -0.0420618 0.288933 0.952082 0.209711 0.904385 0.143131 0.863168 0.100676 0.83164 -0.0232938 -0.058539 0.479 1.22828e-14 0
2.62411 -1.22373 1.57 -1.527 1.22373 -0.0232938 -0.058539 0.289427 0.952859 0.210007 0.905255 0.14304 0.864147 0.100085 0.832711 -0.0017987 -0.0394898 0.48 3.9815e-15 0
2.62411 -1.22373 1.57 -1.527 1.22373 -0.0232938 -0.058539 0.289427 0.952859 0.210007 0.905255 0.14304 0.864147 0.100085 0.832711 -0.0017987 -0.0394898 0.492 1.79046e-14 0
2.62294 -1.22658 1.57 -1.527 1.22658 -0.0017987 -0.0394898 0.289411 0.952671 0.210141 0.904893 0.143433 0.863576 0.1008 0.831939 0.0394673 -0.00242118 0.469 9.29678e-15 0
2.62294 -1.22658 1.57 -1.527 1.22658 -0.0017987 -0.0394898 0.289411 0.952671 0.210141 0.904893 0.143433 0.863576 0.1008 0.831939 0.0394673 -0.00242118 0.47 4.57052e-15 0
2.62285 -1.22875 1.57 -1.527 1.22875 0.0394673 -0.00242118 0.289161 0.952019 0.210219 0.903931 0.144094 0.86224 0.102172 0.830252 0.0588841 0.0149901 0.475 7.68642e-15 0
2.62285 -1.22875 1.57 -1.527 1.22875 0.0394673 -0.00242118 0.289161 0.952019 0.210219 0.903931 0.144094 0.86224 0.102172 0.830252 0.0588841 0.0149901 0.468 2.06417e-14 0
2.62483 -1.22918 1.57 -1.527 1.22918 0.0588841 0.0149901 0.289178 0.951851 0.210396 0.903576 0.144542 0.861657 0.102932 0.829452 0.0450587 0.00211239 0.481 1.13787e-14 0
2.62483 -1.22918 1.57 -1.527 1.22918 0.0588841 0.0149901 0.289178 0.951851 0.210396 0.903576 0.144542 0.861657 0.102932 0.829452 0.0450587 0.00211239 0.471 5.97585e-15 0
2.62777 -1.22857 1.57 -1.527 1.22857 0.0450587 0.00211239 0.289717 0.952672 0.210731 0.904478 0.144478 0.862656 0.102379 0.830527 0.00712963 -0.0330057 0.48 1.80314e-14 0
2.62777 -1.22857 1.57 -1.527 1.22857 0.0450587 0.00211239 0.289717 0.952672 0.210731 0.904478 0.144478 0.862656 0.102379 0.830527 0.00712963 -0.0330057 0.488 3.43723e-15 0
2.63002 -1.22837 1.57 -1.527 1.22837 0.00712963 -0.0330057 0.29052 0.953991 0.211149 0.906024 0.144162 0.864473 0.101122 0.83258 -0.0190453 -0.0575291 0.477 1.31858e-14 0
2.63002 -1.22837 1.57 -1.527 1.22837 0.00712963 -0.0330057 0.29052 0.953991 0.211149 0.906024 0.144162 0.864473 0.101122 0.83258 -0.0190453 -0.0575291 0.465 3.69045e-15 0
2.63038 -1.22977 1.57 -1.527 1.22977 -0.0190453 -0.0575291 0.291157 0.955 0.211515 0.907183 0.144002 0.865811 0.100244 0.834071 -0.00870844 -0.0484123 0.478 9.64214e-15 0
2.63038 -1.22977 1.57 -1.527 1.22977 -0.0190453 -0.0575291 0.291157 0.955 0.211515 0.907183 0.144002 0.865811 0.100244 0.834071 -0.00870844 -0.0484123 0.48 1.23971e-14 0
2.62943 -1.2325 1.57 -1.527 1.2325 -0.00870844 -0.0484123 0.291305 0.955109 0.21171 0.907193 0.144266 0.865701 0.100588 0.833843 0.0289637 -0.0138694 0.469 1.24288e-14 0
2.62943 -1.2325 1.57 -1.527 1.2325 -0.00870844 -0.0484123 0.291305 0.955109 0.21171 0.907193 0.144266 0.865701 0.100588 0.833843 0.0289637 -0.0138694 0.457 7.91623e-15 0
2.62899 -1.23504 1.57 -1.527 1.23504 0.0289637 -0.0138694 0.291106 0.954565 0.211797 0.90636 0.144861 0.864522 0.101853 0.832336 0.0577308 0.0125944 0.448 3.48298e-15 0
2.62899 -1.23504 1.57 -1.527 1.23504 0.0289637 -0.0138694 0.291106 0.954565 0.211797 0.90636 0.144861 0.864522 0.101853 0.832336 0.0577308 0.0125944 0.459 6.06726e-15 0
2.63044 -1.23602 1.57 -1.527 1.23602 0.0577308 0.0125944 0.291036 0.954235 0.211948 0.90579 0.145392 0.863663 0.102866 0.831202 0.0536201 0.00844394 0.453 6.40942e-15 0
2.63044 -1.23602 1.57 -1.527 1.23602 0.0577308 0.0125944 0.291036 0.954235 0.211948 0.90579 0.145392 0.863663 0.102866 0.831202 0.0536201 0.00844394 0.446 3.93693e-15 0
2.63333 -1.2356 1.57 -1.527 1.2356 0.0536201 0.00844394 0.291452 0.954795 0.212264 0.906353 0.145499 0.864229 0.102688 0.831759 0.0189344 -0.0245468 0.457 7.45852e-15 0
2.63333 -1.2356 1.57 -1.527 1.2356 0.0536201 0.00844394 0.291452 0.954795 0.212264 0.906353 0.145499 0.864229 0.102688 0.831759 0.0189344 -0.0245468 0.452 2.36442e-15 0
2.63601 -1.23515 1.57 -1.527 1.23515 0.0189344 -0.0245468 0.292255 0.956066 0.21271 0.90783 0.145264 0.865955 0.101525 0.8337 -0.0136774 -0.0558423 0.453 6.27518e-15 0
2.63601 -1.23515 1.57 -1.527 1.23515 0.0189344 -0.0245468 0.292255 0.956066 0.21271 0.90783 0.145264 0.865955 0.101525 0.8337 -0.0136774 -0.0558423 0.46 8.14025e-15 0
2.63696 -1.23615 1.57 -1.527 1.23615 -0.0136774 -0.0558423 0.293021 0.957267 0.21314 0.909226 0.145069 0.867588 0.100451 0.835537 -0.0134477 -0.0561609 0.453 8.16986e-15 0
2.63696 -1.23615 1.57 -1.527 1.23615 -0.0136774 -0.0558423 0.293021 0.957267 0.21314 0.909226 0.145069 0.867588 0.100451 0.835537 -0.0134477 -0.0561609 0.451 7.92821e-15 0
2.63627 -1.23874 1.57 -1.527 1.23874 -0.0134477 -0.0561609 0.293332 0.957653 0.213404 0.909582 0.145236 0.867909 0.100459 0.835814 0.0199105 -0.0249047 0.456 1.37469e-14 0
2.63627 -1.23874 1.57 -1.527 1.23874 -0.0134477 -0.0561609 0.293332 0.957653 0.213404 0.909582 0.145236 0.867909 0.100459 0.835814 0.0199105 -0.0249047 0.453 5.87035e-15 0
2.6356 -1.2416 1.57 -1.527 1.2416 0.0199105 -0.0249047 0.293201 0.95724 0.213523 0.908907 0.145767 0.86692 0.101563 0.834527 0.0556506 0.00884707 0.458 6.71444e-15 0
2.6356 -1.2416 1.57 -1.527 1.2416 0.0199105 -0.0249047 0.293201 0.95724 0.213523 0.908907 0.145767 0.86692 0.101563 0.834527 0.0556506 0.00884707 0.454 6.09353e-15 0
2.6366 -1.24311 1.57 -1.527 1.24311 0.0556506 0.00884707 0.293068 0.956798 0.213652 0.908183 0.146351 0.865859 0.102754 0.833145 0.0590742 0.0117598 0.451 6.7219e-15 0
2.6366 -1.24311 1.57 -1.527 1.24311 0.0556506 0.00884707 0.293068 0.956798 0.213652 0.908183 0.146351 0.865859 0.102754 0.833145 0.0590742 0.0117598 0.45 1.2635e-14 0
2.63938 -1.24292 1.57 -1.527 1.24292 0.0590742 0.0117598 0.293375 0.957133 0.213947 0.908449 0.1466 0.866045 0.102924 0.833243 0.0301951 -0.0166074 0.452 1.3404e-14 0
2.63938 -1.24292 1.57 -1.527 1.24292 0.0590742 0.0117598 0.293375 0.957133 0.213947 0.908449 0.1466 0.866045 0.102924 0.833243 0.0301951 -0.0166074 0.456 6.34424e-15 0
2.64233 -1.24236 1.57 -1.527 1.24236 0.0301951 -0.0166074 0.294166 0.958335 0.214414 0.90983 0.146458 0.867643 0.101913 0.835027 -0.00558356 -0.0519539 0.451 2.92888e-15 0
2.64233 -1.24236 1.57 -1.527 1.24236 0.0301951 -0.0166074 0.294166 0.958335 0.214414 0.90983 0.146458 0.867643 0.101913 0.835027 -0.00558356 -0.0519539 0.452 9.5328e-15 0
2.64384 -1.24299 1.57 -1.527 1.24299 -0.00558356 -0.0519539 0.295025 0.959654 0.214883 0.911367 0.146277 0.86945 0.100718 0.837065 -0.0143736 -0.0611993 0.451 5.40164e-15 0
2.64384 -1.24299 1.57 -1.527 1.24299 -0.00558356 -0.0519539 0.295025 0.959654 0.214883 0.911367 0.146277 0.86945 0.100718 0.837065 -0.0143736 -0.0611993 0.451 3.63675e-15 0
2.64356 -1.24536 1.57 -1.527 1.24536 -0.0143736 -0.0611993 0.295499 0.960298 0.215213 0.912043 0.146377 0.870168 0.100419 0.837809 0.0125271 -0.0354642 0.453 9.54485e-15 0
2.64356 -1.24536 1.57 -1.527 1.24536 -0.0143736 -0.0611993 0.295499 0.960298 0.215213 0.912043 0.146377 0.870168 0.100419 0.837809 0.0125271 -0.0354642 0.461 6.12796e-15 0
2.64285 -1.2484 1.57 -1.527 1.2484 0.0125271 -0.0354642 0.295479 0.960077 0.215392 0.911602 0.146835 0.869466 0.101308 0.836855 0.0504961 0.00138905 0.445 1.08309e-14 0
2.64285 -1.2484 1.57 -1.527 1.2484 0.0125271 -0.0354642 0.295479 0.960077 0.215392 0.911602 0.146835 0.869466 0.101308 0.836855 0.0504961 0.00138905 0.452 2.03826e-15 0
2.64347 -1.2504 1.57 -1.527 1.2504 0.0504961 0.00138905 0.295331 0.959612 0.215539 0.910837 0.147429 0.868343 0.102574 0.835389 0.0616507 0.0119501 0.452 1.03714e-14 0
2.64347 -1.2504 1.57 -1.527 1.2504 0.0504961 0.00138905 0.295331 0.959612 0.215539 0.910837 0.147429 0.868343 0.102574 0.835389 0.0616507 0.0119501 0.45 7.54487e-15 0
2.646 -1.25061 1.57 -1.527 1.25061 0.0616507 0.0119501 0.295547 0.959764 0.215818 0.910857 0.147792 0.868207 0.103036 0.835095 0.0414192 -0.00878626 0.454 7.30137e-15 0
2.646 -1.25061 1.57 -1.527 1.25061 0.0616507 0.0119501 0.295547 0.959764 0.215818 0.910857 0.147792 0.868207 0.103036 0.835095 0.0414192 -0.00878626 0.445 3.09939e-15 0
2.64908 -1.25009 1.57 -1.527 1.25009 0.0414192 -0.00878626 0.296287 0.960828 0.216276 0.912048 0.147776 0.86956 0.102254 0.836579 0.00580431 -0.0452168 0.452 2.42331e-15 0
2.64908 -1.25009 1.57 -1.527 1.25009 0.0414192 -0.00878626 0.296287 0.960828 0.216276 0.912048 0.147776 0.86956 0.102254 0.836579 0.00580431 -0.0452168 0.463 6.09898e-15 0
2.65115 -1.25039 1.57 -1.527 1.25039 0.00580431 -0.0452168 0.297203 0.96219 0.21677 0.913632 0.14765 0.871417 0.10104 0.838672 -0.0113058 -0.0633089 0.465 1.58032e-14 0
2.65115 -1.25039 1.57 -1.527 1.25039 0.00580431 -0.0452168 0.297203 0.96219 0.21677 0.913632 0.14765 0.871417 0.10104 0.838672 -0.0113058 -0.0633089 0.47 1.95791e-14 0
2.65144 -1.25242 1.57 -1.527 1.25242 -0.0113058 -0.0633089 0.297847 0.963085 0.217166 0.914619 0.147698 0.872522 0.100446 0.83987 0.00655908 -0.0460242 0.452 6.9168e-15 0
2.65144 -1.25242 1.57 -1.527 1.25242 -0.0113058 -0.0633089 0.297847 0.963085 0.217166 0.914619 0.147698 0.872522 0.100446 0.83987 0.00655908 -0.0460242 0.46 4.92379e-15 0
2.65088 -1.2555 1.57 -1.527 1.2555 0.00655908 -0.0460242 0.29799 0.96313 0.21742 0.914507 0.148084 0.872224 0.101029 0.839387 0.0433018 -0.00930342 0.445 2.60523e-15 0
2.65088 -1.2555 1.57 -1.527 1.2555 0.00655908 -0.0460242 0.29799 0.96313 0.21742 0.914507 0.148084 0.872224 0.101029 0.839387 0.0433018 -0.00930342 0.454 1.29617e-14 0
2.6512 -1.25796 1.57 -1.527 1.25796 0.0433018 -0.00930342 0.297884 0.962737 0.217613 0.913819 0.148665 0.871185 0.102254 0.83801 0.0628864 0.0101338 0.452 2.60264e-15 0
2.6512 -1.25796 1.57 -1.527 1.25796 0.0433018 -0.00930342 0.297884 0.962737 0.217613 0.913819 0.148665 0.871185 0.102254 0.83801 0.0628864 0.0101338 0.459 6.4023e-15 0
2.65337 -1.25871 1.57 -1.527 1.25871 0.0628864 0.0101338 0.298025 0.962741 0.217891 0.913634 0.149118 0.870776 0.102974 0.837378 0.0518558 -0.00197916 0.451 9.37962e-15 0
2.65337 -1.25871 1.57 -1.527 1.25871 0.0628864 0.0101338 0.298025 0.962741 0.217891 0.913634 0.149118 0.870776 0.102974 0.837378 0.0518558 -0.00197916 0.445 1.10623e-14 0
2.65651 -1.25833 1.57 -1.527 1.25833 0.0518558 -0.00197916 0.298685 0.963617 0.218335 0.914572 0.149245 0.871796 0.1025 0.838456 0.018396 -0.0376807 0.464 1.1805e-14 0
2.65651 -1.25833 1.57 -1.527 1.25833 0.0518558 -0.00197916 0.298685 0.963617 0.218335 0.914572 0.149245 0.871796 0.1025 0.838456 0.018396 -0.0376807 0.476 2.16284e-14 0
2.65911 -1.25836 1.57 -1.527 1.25836 0.018396 -0.0376807 0.29964 0.964986 0.218851 0.916152 0.149162 0.873639 0.101329 0.840525 -0.00557766 -0.0638664 0.464 4.94407e-15 0
2.65911 -1.25836 1.57 -1.527 1.25836 0.018396 -0.0376807 0.29964 0.964986 0.218851 0.916152 0.149162 0.873639 0.101329 0.840525 -0.00557766 -0.0638664 0.475 1.77573e-15 0
2.66003 -1.26002 1.57 -1.527 1.26002 -0.00557766 -0.0638664 0.300454 0.966111 0.219316 0.917423 0.149153 0.875093 0.100477 0.842131 0.0028709 -0.0560603 0.466 1.29227e-15 0
2.66003 -1.26002 1.57 -1.527 1.26002 -0.00557766 -0.0638664 0.300454 0.966111 0.219316 0.917423 0.149153 0.875093 0.100477 0.842131 0.0028709 -0.0560603 0.474 5.92989e-15 0
2.65975 -1.26308 1.57 -1.527 1.26308 0.0028709 -0.0560603 0.300787 0.966445 0.219651 0.917667 0.149473 0.875234 0.100729 0.842161 0.0365283 -0.0213504 0.457 8.39647e-15 0
2.65975 -1.26308 1.57 -1.527 1.26308 0.0028709 -0.0560603 0.300787 0.966445 0.219651 0.917667 0.149473 0.875234 0.100729 0.842161 0.0365283 -0.0213504 0.466 9.12852e-15 0
2.65989 -1.26597 1.57 -1.527 1.26597 0.0365283 -0.0213504 0.300766 0.966183 0.2199 0.91713 0.150063 0.874368 0.101847 0.840974 0.0638645 0.00697255 0.461 2.1674e-15 0
2.65989 -1.26597 1.57 -1.527 1.26597 0.0365283 -0.0213504 0.300766 0.966183 0.2199 0.91713 0.150063 0.874368 0.101847 0.840974 0.0638645 0.00697255 0.464 3.65555e-15 0
2.66172 -1.2673 1.57 -1.527 1.2673 0.0638645 0.00697255 0.30086 0.966092 0.2202 0.916801 0.150611 0.873758 0.102775 0.840079 0.0613478 0.00333223 0.494 1.12446e-14 0
2.66172 -1.2673 1.57 -1.527 1.2673 0.0638645 0.00697255 0.30086 0.966092 0.2202 0.916801 0.150611 0.873758 0.102775 0.840079 0.0613478 0.00333223 0.519 6.07656e-15 0
2.66491 -1.26714 1.57 -1.527 1.26714 0.0613478 0.00333223 0.301442 0.966789 0.220642 0.917492 0.150852 0.874447 0.102619 0.840747 0.0310944 -0.0306941 0.5 4.90148e-15 0
2.66491 -1.26714 1.57 -1.527 1.26714 0.0613478 0.00333223 0.301442 0.966789 0.220642 0.917492 0.150852 0.874447 0.102619 0.840747 0.0310944 -0.0306941 0.49 2.81853e-15 0
2.66798 -1.26695 1.57 -1.527 1.26695 0.0310944 -0.0306941 0.302438 0.968154 0.221203 0.919052 0.150808 0.876253 0.101518 0.842768 0.00206026 -0.0639319 0.509 5.42602e-15 0
2.66798 -1.26695 1.57 -1.527 1.26695 0.0310944 -0.0306941 0.302438 0.968154 0.221203 0.919052 0.150808 0.876253 0.101518 0.842768 0.00206026 -0.0639319 0.504 1.52075e-14 0
2.66953 -1.26828 1.57 -1.527 1.26828 0.00206026 -0.0639319 0.303417 0.969483 0.221769 0.920572 0.150754 0.878011 0.100452 0.84473 0.00205473 -0.0654536 0.492 1.78471e-14 0
2.66953 -1.26828 1.57 -1.527 1.26828 0.00206026 -0.0639319 0.303417 0.969483 0.221769 0.920572 0.150754 0.878011 0.100452 0.84473 0.00205473 -0.0654536 0.485 8.00266e-16 0
2.66964 -1.2713 1.57 -1.527 1.2713 0.00205473 -0.0654536 0.303955 0.970102 0.222203 0.921166 0.151014 0.878581 0.10039 0.84526 0.0318811 -0.0336607 0.492 9.21593e-15 0
2.66964 -1.2713 1.57 -1.527 1.2713 0.00205473 -0.0654536 0.303955 0.970102 0.222203 0.921166 0.151014 0.878581 0.10039 0.84526 0.0318811 -0.0336607 0.485 4.42646e-15 0
2.66974 -1.27461 1.57 -1.527 1.27461 0.0318811 -0.0336607 0.304052 0.970011 0.222511 0.920824 0.151608 0.877941 0.101369 0.844319 0.0644843 0.00169254 0.461 1.02688e-14 0
2.66974 -1.27461 1.57 -1.527 1.27461 0.0318811 -0.0336607 0.304052 0.970011 0.222511 0.920824 0.151608 0.877941 0.101369 0.844319 0.0644843 0.00169254 0.452 2.20204e-14 0
2.67133 -1.27653 1.57 -1.527 1.27653 0.0644843 0.00169254 0.304142 0.969887 0.222837 0.920426 0.152252 0.877218 0.102447 0.843256 0.0687608 0.00527671 0.478 1.18084e-14 0
2.67133 -1.27653 1.57 -1.527 1.27653 0.0644843 0.00169254 0.304142 0.969887 0.222837 0.920426 0.152252 0.877218 0.102447 0.843256 0.0687608 0.00527671 0.469 6.19673e-15 0
2.67456 -1.27668 1.57 -1.527 1.27668 0.0687608 0.00527671 0.304676 0.970454 0.223312 0.920922 0.152614 0.877637 0.102574 0.843573 0.0445954 -0.0239899 0.487 5.57646e-15 0
2.67456 -1.27668 1.57 -1.527 1.27668 0.0687608 0.00527671 0.304676 0.970454 0.223312 0.920922 0.152614 0.877637 0.102574 0.843573 0.0445954 -0.0239899 0.473 9.34716e-15 0
2.678 -1.27644 1.57 -1.527 1.27644 0.0445954 -0.0239899 0.305712 0.971804 0.22394 0.922443 0.15264 0.879375 0.101581 0.845505 0.0138373 -0.0615665 0.479 1.26788e-14 0
2.678 -1.27644 1.57 -1.527 1.27644 0.0445954 -0.0239899 0.305712 0.971804 0.22394 0.922443 0.15264 0.879375 0.101581 0.845505 0.0138373 -0.0615665 0.474 3.44792e-15 0
2.68023 -1.27747 1.57 -1.527 1.27747 0.0138373 -0.0615665 0.306838 0.973283 0.224592 0.924138 0.152634 0.881339 0.100426 0.847712 0.00631269 -0.0725478 0.481 1.00756e-14 0
2.68023 -1.27747 1.57 -1.527 1.27747 0.0138373 -0.0615665 0.306838 0.973283 0.224592 0.924138 0.152634 0.881339 0.100426 0.847712 0.00631269 -0.0725478 0.473 4.91561e-15 0
2.68023 -1.27747 1.57 -1.527 1.27747 0.0138373 -0.0615665 0.306838 0.973283 0.224592 0.924138 0.152634 0.881339 0.100426 0.847712 0.00631269 -0.0725478 0.48 5.70947e-15 0
2.68092 -1.28035 1.57 -1.527 1.28035 0.00631269 -0.0725478 0.307605 0.974195 0.225136 0.925089 0.152868 0.882345 0.100099 0.848749 0.0300375 -0.0466023 0.472 9.08096e-15 0
2.68092 -1.28035 1.57 -1.527 1.28035 0.00631269 -0.0725478 0.307605 0.974195 0.225136 0.925089 0.152868 0.882345 0.100099 0.848749 0.0300375 -0.0466023 0.486 5.54856e-15 0
2.68124 -1.28396 1.57 -1.527 1.28396 0.00631269 -0.0725478 0.307894 0.974364 0.225549 0.925052 0.153433 0.882066 0.100843 0.848211 0.063921 -0.00800715 0.465 1.16024e-14 0
2.68124 -1.28396 1.57 -1.527 1.28396 0.00631269 -0.0725478 0.307894 0.974364 0.225549 0.925052 0.153433 0.882066 0.100843 0.848211 0.063921 -0.00800715 0.471 1.79638e-15 0
2.68155 -1.28761 1.57 -1.527 1.28761 0.0300375 -0.0466023 0.308059 0.97432 0.225946 0.924721 0.154127 0.881396 0.101938 0.847172 0.0852427 0.0162813 0.457 5.9592e-15 0
2.68155 -1.28761 1.57 -1.527 1.28761 0.0300375 -0.0466023 0.308059 0.97432 0.225946 0.924721 0.154127 0.881396 0.101938 0.847172 0.0852427 0.0162813 0.476 8.39283e-15 0
2.68305 -1.29012 1.57 -1.527 1.29012 0.063921 -0.00800715 0.308235 0.974289 0.226357 0.924399 0.154837 0.88073 0.103052 0.846125 0.0924668 0.0235197 0.463 9.43232e-15 0
2.68305 -1.29012 1.57 -1.527 1.29012 0.063921 -0.00800715 0.308235 0.974289 0.226357 0.924399 0.154837 0.88073 0.103052 0.846125 0.0924668 0.0235197 0.476 9.14071e-15 0
2.68625 -1.29077 1.57 -1.527 1.29077 0.0852427 0.0162813 0.308768 0.974792 0.226883 0.924776 0.155338 0.880962 0.103438 0.846182 0.084171 0.0111255 0.462 1.15395e-14 0
2.68625 -1.29077 1.57 -1.527 1.29077 0.0852427 0.0162813 0.308768 0.974792 0.226883 0.924776 0.155338 0.880962 0.103438 0.846182 0.084171 0.0111255 0.468 3.82597e-15 0
2.69051 -1.2901 1.57 -1.527 1.2901 0.0924668 0.0235197 0.309833 0.976094 0.227564 0.926205 0.155501 0.882555 0.102728 0.847918 0.0552556 -0.0280204 0.475 3.62004e-15 0
2.69051 -1.2901 1.57 -1.527 1.2901 0.0924668 0.0235197 0.309833 0.976094 0.227564 0.926205 0.155501 0.882555 0.102728 0.847918 0.0552556 -0.0280204 0.473 3.95403e-15 0
2.69514 -1.28897 1.57 -1.527 1.28897 0.084171 0.0111255 0.311253 0.977912 0.228346 0.928321 0.155441 0.885043 0.101363 0.850762 0.0110349 -0.0881918 0.475 8.96186e-15 0
2.69514 -1.28897 1.57 -1.527 1.28897 0.084171 0.0111255 0.311253 0.977912 0.228346 0.928321 0.155441 0.885043 0.101363 0.850762 0.0110349 -0.0881918 0.497 1.19704e-14 0
2.69934 -1.28836 1.57 -1.527 1.28836 0.0552556 -0.0280204 0.312805 0.979898 0.229168 0.930665 0.155313 0.887831 0.0998728 0.853976 -0.0238755 -0.138261 0.487 8.95754e-15 0
2.69934 -1.28836 1.57 -1.527 1.28836 0.0552556 -0.0280204 0.312805 0.979898 0.229168 0.930665 0.155313 0.887831 0.0998728 0.853976 -0.0238755 -0.138261 0.519 6.11243e-15 0
2.70211 -1.28956 1.57 -1.527 1.28956 -0.0238755 -0.138261 0.314216 0.981687 0.229968 0.932745 0.15529 0.890274 0.0987588 0.856748 -0.0298291 -0.151429 0.501 6.09574e-15 0
2.70211 -1.28956 1.57 -1.527 1.28956 -0.0238755 -0.138261 0.314216 0.981687 0.229968 0.932745 0.15529 0.890274 0.0987588 0.856748 -0.0298291 -0.151429 0.511 1.07041e-14 0
2.70091 -1.29591 1.57 -1.527 1.29591 -0.0298291 -0.151429 0.31518 0.982797 0.230655 0.933909 0.155591 0.891513 0.0985709 0.858034 0.0416837 -0.0597172 0.501 1.44809e-14 0
2.70091 -1.29591 1.57 -1.527 1.29591 -0.0298291 -0.151429 0.31518 0.982797 0.230655 0.933909 0.155591 0.891513 0.0985709 0.858034 0.0416838 -0.0597172 0.513 3.63227e-15 0
2.69942 -1.3035 1.57 -1.527 1.3035 0.0416837 -0.0597172 0.314959 0.982061 0.231036 0.932564 0.156794 0.88944 0.100759 0.855204 0.105157 0.0240054 0.498 2.11598e-14 0
2.69942 -1.3035 1.57 -1.527 1.3035 0.0416837 -0.0597172 0.314959 0.982061 0.231036 0.932564 0.156794 0.88944 0.100759 0.855204 0.105157 0.0240054 0.5 1.71281e-15 0
2.70151 -1.30703 1.57 -1.527 1.30703 0.105157 0.0240054 0.314554 0.981056 0.231427 0.930836 0.158203 0.886847 0.103447 0.851682 0.115435 0.0351318 0.496 4.71919e-14 0
2.70151 -1.30703 1.57 -1.527 1.30703 0.105157 0.0240054 0.314554 0.981056 0.231427 0.930836 0.158203 0.886847 0.103447 0.851682 0.115435 0.0351318 0.497 1.0829e-14 0
2.70677 -1.30626 1.57 -1.527 1.30626 0.115435 0.0351318 0.315294 0.981711 0.232153 0.931313 0.158906 0.887123 0.104074 0.851713 0.0982184 0.00555744 0.514 1.33609e-13 0
2.70677 -1.30626 1.57 -1.527 1.30626 0.115435 0.0351318 0.315294 0.981711 0.232153 0.931313 0.158906 0.887123 0.104074 0.851713 0.0982184 0.00555743 0.501 1.04294e-14 0
2.71254 -1.30455 1.57 -1.527 1.30455 0.0982184 0.00555744 0.317097 0.983927 0.233154 0.933891 0.158879 0.890151 0.102728 0.855175 0.0569798 -0.0613147 0.508 3.03141e-13 0
2.71254 -1.30455 1.57 -1.527 1.30455 0.0982184 0.00555744 0.317097 0.983927 0.233154 0.933891 0.158879 0.890151 0.102728 0.855175 0.0569798 -0.0613147 0.514 1.20574e-14 0
2.71254 -1.30455 1.57 -1.527 1.30455 0.0982184 0.00555744 0.317097 0.983927 0.233154 0.933891 0.158879 0.890151 0.102728 0.855175 0.0569798 -0.0613147 0.5 2.78305e-15 0
2.71745 -1.30414 1.57 -1.527 1.30414 0.0569798 -0.0613147 0.319047 0.986424 0.234209 0.936857 0.158719 0.893699 0.101108 0.859292 0.027115 -0.114764 0.493 8.02158e-13 0
2.71745 -1.30414 1.57 -1.527 1.30414 0.0569798 -0.0613147 0.319047 0.986424 0.234209 0.936857 0.158719 0.893699 0.101108 0.859292 0.0271151 -0.114764 0.505 8.29583e-15 0
2.7203 -1.30691 1.57 -1.527 1.30691 0.027115 -0.114764 0.320705 0.988484 0.235225 0.939229 0.158809 0.896461 0.100023 0.862423 0.0400911 -0.104314 0.493 1.62715e-12 0
2.7203 -1.30691 1.57 -1.527 1.30691 0.027115 -0.114764 0.320705 0.988484 0.235225 0.939229 0.158809 0.896461 0.100023 0.862423 0.0400911 -0.104314 0.503 8.99853e-15 0
2.72165 -1.31245 1.57 -1.527 1.31245 0.0400911 -0.104314 0.321764 0.989551 0.236114 0.940221 0.159457 0.897377 0.100326 0.863221 0.0866642 -0.0393311 0.485 3.14612e-12 0
2.72165 -1.31245 1.57 -1.527 1.31245 0.0400911 -0.104314 0.321764 0.989551 0.236114 0.940221 0.159457 0.897377 0.100326 0.863221 0.0866642 -0.0393311 0.468 5.32145e-15 0
2.72366 -1.31779 1.57 -1.527 1.31779 0.0866642 -0.0393311 0.322372 0.989856 0.236914 0.940134 0.160548 0.896829 0.101787 0.862155 0.117831 0.00345992 0.467 6.91101e-12 0
2.72366 -1.31779 1.57 -1.527 1.31779 0.0866642 -0.0393311 0.322372 0.989856 0.236914 0.940134 0.160548 0.896829 0.101787 0.862155 0.117831 0.00345984 0.466 1.47617e-14 0
2.72799 -1.3201 1.57 -1.527 1.3201 0.117831 0.00345992 0.323179 0.990413 0.237827 0.940355 0.161623 0.89666 0.103057 0.861536 0.122271 7.11245e-05 0.457 2.29885e-11 0
2.72799 -1.3201 1.57 -1.527 1.3201 0.117831 0.00345992 0.323179 0.990413 0.237827 0.940355 0.161623 0.89666 0.103057 0.861536 0.122272 7.09649e-05 0.466 2.06451e-15 0
2.73388 -1.32013 1.57 -1.527 1.32013 0.122271 7.11245e-05 0.324713 0.992059 0.238994 0.942052 0.162266 0.898434 0.102958 0.863346 0.109167 -0.0391315 0.503 9.5211e-11 0
2.73388 -1.32013 1.57 -1.527 1.32013 0.122271 7.11245e-05 0.324713 0.992059 0.238994 0.942052 0.162266 0.898434 0.102958 0.863346 0.109168 -0.0391319 0.494 4.60245e-15 0
2.73388 -1.32013 1.57 -1.527 1.32013 0.122271 7.11245e-05 0.324713 0.992059 0.238994 0.942052 0.162266 0.898434 0.102958 0.863346 0.109168 -0.0391319 0.485 3.08114e-15 0
2.74 -1.32014 1.57 -1.527 1.32014 0.109167 -0.0391315 0.326777 0.994472 0.240376 0.944792 0.162674 0.90159 0.101969 0.866888 0.0918619 -0.0936398 0.501 4.08488e-10 0
2.74 -1.32014 1.57 -1.527 1.32014 0.109167 -0.0391315 0.326777 0.994472 0.240376 0.944792 0.162674 0.90159 0.101969 0.866888 0.0918636 -0.0936407 0.52 1.50243e-14 0
2.74546 -1.32198 1.57 -1.527 1.32198 0.0918619 -0.0936398 0.328959 0.996978 0.24188 0.947641 0.163217 0.904872 0.10097 0.870573 0.097118 -0.112522 0.502 1.84863e-09 0
2.74546 -1.32198 1.57 -1.527 1.32198 0.0918619 -0.0936398 0.328959 0.996978 0.24188 0.947641 0.163217 0.904872 0.10097 0.870573 0.0971225 -0.112524 0.504 4.88388e-15 0
2.75005 -1.32652 1.57 -1.527 1.32652 0.097118 -0.112522 0.330977 0.999123 0.243424 0.949937 0.164104 0.907371 0.100654 0.87323 0.12975 -0.0777063 0.489 8.20472e-09 0
2.75005 -1.32652 1.57 -1.527 1.32652 0.097118 -0.112522 0.330977 0.999123 0.243424 0.949937 0.164104 0.907371 0.100654 0.87323 0.129761 -0.0777112 0.499 4.44803e-15 0
2.75491 -1.33217 1.57 -1.527 1.33217 0.12975 -0.0777063 0.332752 1.00078 0.244988 0.951471 0.165386 0.908775 0.101302 0.87444 0.17186 -0.0212254 0.495 4.09707e-08 0
2.75491 -1.33217 1.57 -1.527 1.33217 0.12975 -0.0777063 0.332752 1.00078 0.244988 0.951471 0.165386 0.908775 0.101302 0.87444 0.17189 -0.021237 0.482 3.24225e-14 0
2.76139 -1.33629 1.57 -1.527 1.33629 0.17186 -0.0212254 0.334639 1.00248 0.246716 0.952958 0.166901 0.91004 0.102253 0.875407 0.199461 -0.00656335 0.472 2.1969e-07 0
2.76139 -1.33629 1.57 -1.527 1.33629 0.17186 -0.0212254 0.334639 1.00248 0.246716 0.952958 0.166901 0.91004 0.102253 0.875407 0.199549 -0.00658704 0.478 8.83215e-13 0
2.76139 -1.33629 1.57 -1.527 1.33629 0.17186 -0.0212254 0.334639 1.00248 0.246716 0.952958 0.166901 0.91004 0.102253 0.875407 0.199549 -0.00658709 0.467 4.92847e-15 0
2.76999 -1.33764 1.57 -1.527 1.33764 0.199461 -0.00656335 0.337091 1.00488 0.248787 0.955379 0.168432 0.91251 0.102501 0.877857 0.225325 -0.0264037 0.49 9.25595e-07 0
2.76999 -1.33764 1.57 -1.527 1.33764 0.199461 -0.00656335 0.337091 1.00488 0.248787 0.955379 0.168432 0.91251 0.102501 0.877857 0.225538 -0.0264587 0.479 1.19254e-11 0
2.77996 -1.33811 1.57 -1.527 1.33811 0.199549 -0.00658709 0.34028 1.00825 0.251313 0.959118 0.169902 0.916723 0.101745 0.882491 0.254127 -0.0658333 0.486 7.57116e-07 0
2.77996 -1.33811 1.57 -1.527 1.33811 0.199549 -0.00658709 0.34028 1.00825 0.251313 0.959118 0.169902 0.916723 0.101745 0.882491 0.254309 -0.065864 0.475 3.5403e-12 0
2.78994 -1.33843 1.57 -1.527 1.33843 0.254127 -0.0658333 0.34401 1.01221 0.254319 0.963597 0.171433 0.921863 0.101049 0.888229 0.284843 -0.0872035 0.478 8.7676e-08 0
2.78994 -1.33843 1.57 -1.527 1.33843 0.254127 -0.0658333 0.34401 1.01221 0.254319 0.963597 0.171433 0.921863 0.101049 0.888229 0.284892 -0.0872069 0.495 3.03839e-14 0
2.80264 -1.34195 1.57 -1.527 1.34195 0.284843 -0.0872035 0.34778 1.01616 0.257415 0.968083 0.173175 0.927024 0.1007 0.893972 0.315567 -0.0173307 0.481 2.53738e-09 0
2.80264 -1.34195 1.57 -1.527 1.34195 0.284843 -0.0872035 0.34778 1.01616 0.257415 0.968083 0.173175 0.927024 0.1007 0.893972 0.315573 -0.0173303 0.476 3.86703e-15 0
2.81688 -1.34644 1.57 -1.527 1.34644 0.315567 -0.0173307 0.352663 1.02098 0.261508 0.973315 0.176086 0.932806 0.101162 0.900162 0.309659 0.113347 0.476 1.05727e-11 0
2.81688 -1.34644 1.57 -1.527 1.34644 0.315567 -0.0173307 0.352663 1.02098 0.261508 0.973315 0.176086 0.932806 0.101162 0.900162 0.309659 0.113347 0.468 8.87372e-16 0
2.81688 -1.34644 1.57 -1.527 1.34644 0.315567 -0.0173307 0.352663 1.02098 0.261508 0.973315 0.176086 0.932806 0.101162 0.900162 0.309659 0.113347 0.473 7.66368e-16 0
2.83266 -1.34755 1.57 -1.527 1.34755 0.309659 0.113347 0.358302 1.02635 0.266355 0.979099 0.179558 0.939149 0.10243 0.906907 0.27419 0.197043 0.473 3.09456e-15 0
2.83266 -1.34755 1.57 -1.527 1.34755 0.309659 0.113347 0.358302 1.02635 0.266355 0.979099 0.179558 0.939149 0.10243 0.906907 0.27419 0.197043 0.469 6.09629e-15 0
2.84815 -1.34198 1.57 -1.527 1.34198 0.27419 0.197043 0.364629 1.0324 0.271737 0.985944 0.183007 0.947004 0.103047 0.915588 0.240939 0.237288 0.462 1.95441e-15 0
2.84815 -1.34198 1.57 -1.527 1.34198 0.27419 0.197043 0.364629 1.0324 0.271737 0.985944 0.183007 0.947004 0.103047 0.915588 0.240939 0.237288 0.445 4.95085e-16 0
2.86186 -1.33202 1.57 -1.527 1.33202 0.240939 0.237288 0.370953 1.03862 0.276988 0.993523 0.186163 0.95625 0.102776 0.926293 0.212914 0.258893 0.482 7.69599e-16 0
2.86186 -1.33202 1.57 -1.527 1.33202 0.240939 0.237288 0.370953 1.03862 0.276988 0.993523 0.186163 0.95625 0.102776 0.926293 0.212914 0.258893 0.439 1.27413e-15 0
2.8739 -1.32002 1.57 -1.527 1.32002 0.212914 0.258893 0.3766 1.04432 0.281571 1.0009 0.188624 0.965623 0.102081 0.937449 0.186024 0.272939 0.445 3.98554e-16 0
2.8739 -1.32002 1.57 -1.527 1.32002 0.212914 0.258893 0.3766 1.04432 0.281571 1.0009 0.188624 0.965623 0.102081 0.937449 0.186024 0.272939 0.428 7.88968e-16 0
2.8739 -1.32002 1.57 -1.527 1.32002 0.212914 0.258893 0.3766 1.04432 0.281571 1.0009 0.188624 0.965623 0.102081 0.937449 0.186024 0.272939 0.42 4.63477e-16 0
2.88455 -1.30695 1.57 -1.527 1.30695 0.186024 0.272939 0.381405 1.04929 0.285575 1.00782 0.190985 0.974632 0.102146 0.948342 0.154861 0.28585 0.348 3.80417e-31 0
2.88455 -1.30695 1.57 -1.527 1.30695 0.186024 0.272939 0.381405 1.04929 0.285575 1.00782 0.190985 0.974632 0.102146 0.948342 0.154861 0.28585 0.313 3.80417e-31 0
2.89385 -1.29318 1.57 -1.527 1.29318 0.154861 0.28585 0.385752 1.05377 0.289141 1.01429 0.193529 0.983132 0.10216 0.958822 0.149222 0.282838 0.306 3.11294e-34 0
2.89385 -1.29318 1.57 -1.527 1.29318 0.154861 0.28585 0.385752 1.05377 0.289141 1.01429 0.193529 0.983132 0.10216 0.958822 0.149222 0.282838 0.308 3.11294e-34 0
2.90159 -1.27874 1.57 -1.527 1.27874 0.149222 0.282838 0.389646 1.05779 0.292108 1.02029 0.195876 0.991 0.101913 0.968809 0.144528 0.279679 0.306 1.8018e-31 0
2.90159 -1.27874 1.57 -1.527 1.27874 0.149222 0.282838 0.389646 1.05779 0.292108 1.02029 0.195876 0.991 0.101913 0.968809 0.144528 0.279679 0.304 1.8018e-31 0
2.90159 -1.27874 1.57 -1.527 1.27874 0.149222 0.282838 0.389646 1.05779 0.292108 1.02029 0.195876 0.991 0.101913 0.968809 0.144528 0.279679 0.309 1.8018e-31 0
2.90905 -1.26458 1.57 -1.527 1.26458 0.144528 0.279679 0.392966 1.06128 0.294696 1.02574 0.197706 0.998285 0.101901 0.978177 0.140005 0.276582 0.307 6.139e-33 0
2.90905 -1.26458 1.57 -1.527 1.26458 0.144528 0.279679 0.392966 1.06128 0.294696 1.02574 0.197706 0.998285 0.101901 0.978177 0.140005 0.276582 0.303 6.139e-33 0
2.91628 -1.25057 1.57 -1.527 1.25057 0.140005 0.276582 0.396228 1.06465 0.297377 1.03103 0.199602 1.00538 0.102948 0.987302 0.135624 0.273519 0.3 6.95561e-33 0
2.91628 -1.25057 1.57 -1.527 1.25057 0.140005 0.276582 0.396228 1.06465 0.297377 1.03103 0.199602 1.00538 0.102948 0.987302 0.135624 0.273519 0.301 6.95561e-33 0
2.92328 -1.23672 1.57 -1.527 1.23672 0.135624 0.273519 0.399485 1.06796 0.300192 1.03611 0.201599 1.01235 0.104194 0.996271 0.131379 0.27049 0.308 5.05659e-33 0
2.92328 -1.23672 1.57 -1.527 1.23672 0.135624 0.273519 0.399485 1.06796 0.300192 1.03611 0.201599 1.01235 0.104194 0.996271 0.131379 0.27049 0.297 5.05659e-33 0
2.92328 -1.23672 1.57 -1.527 1.23672 0.135624 0.273519 0.399485 1.06796 0.300192 1.03611 0.201599 1.01235 0.104194 0.996271 0.131379 0.27049 0.298 5.05659e-33 0
2.93006 -1.22303 1.57 -1.527 1.22303 0.131379 0.27049 0.402623 1.07118 0.303108 1.04102 0.203884 1.0192 0.10581 1.00507 0.127268 0.267496 0.297 3.65663e-32 0
2.93006 -1.22303 1.57 -1.527 1.22303 0.131379 0.27049 0.402623 1.07118 0.303108 1.04102 0.203884 1.0192 0.10581 1.00507 0.127268 0.267496 0.316 4.66709e-33 0
2.93663 -1.2095 1.57 -1.527 1.2095 0.127268 0.267496 0.405581 1.07433 0.305976 1.04584 0.206465 1.02592 0.107529 1.01354 0.123286 0.264535 0.297 1.11488e-33 0
2.93663 -1.2095 1.57 -1.527 1.2095 0.127268 0.267496 0.405581 1.07433 0.305976 1.04584 0.206465 1.02592 0.107529 1.01354 0.123286 0.264535 0.306 1.11488e-33 0
2.943 -1.19611 1.57 -1.527 1.19611 0.123286 0.264535 0.408519 1.07741 0.30875 1.05056 0.20917 1.03252 0.109714 1.02184 0.119428 0.261607 0.297 1.94854e-33 0
2.943 -1.19611 1.57 -1.527 1.19611 0.123286 0.264535 0.408519 1.07741 0.30875 1.05056 0.20917 1.03252 0.109714 1.02184 0.119428 0.261607 0.302 1.94854e-33 0
2.94916 -1.18288 1.57 -1.527 1.18288 0.119428 0.261607 0.411437 1.08041 0.311606 1.05518 0.211935 1.03899 0.112419 1.02999 0.115691 0.258713 0.298 7.14281e-34 0
2.94916 -1.18288 1.57 -1.527 1.18288 0.119428 0.261607 0.411437 1.08041 0.311606 1.05518 0.211935 1.03899 0.112419 1.02999 0.115691 0.258713 0.304 7.14281e-34 0
2.94916 -1.18288 1.57 -1.527 1.18288 0.119428 0.261607 0.411437 1.08041 0.311606 1.05518 0.211935 1.03899 0.112419 1.02999 0.115691 0.258713 0.31 7.14281e-34 0
2.95513 -1.16979 1.57 -1.527 1.16979 0.115691 0.258713 0.41433 1.08318 0.314536 1.05972 0.214923 1.04534 0.115425 1.03798 0.11207 0.255851 0.305 3.0926e-33 0
2.95513 -1.16979 1.57 -1.527 1.16979 0.115691 0.258713 0.41433 1.08318 0.314536 1.05972 0.214923 1.04534 0.115425 1.03798 0.11207 0.255851 0.3 3.0926e-33 0
2.96092 -1.15685 1.57 -1.527 1.15685 0.11207 0.255851 0.417199 1.08587 0.31753 1.06417 0.218007 1.05143 0.118775 1.04583 0.108564 0.253022 0.298 1.43557e-33 0
2.96092 -1.15685 1.57 -1.527 1.15685 0.11207 0.255851 0.417199 1.08587 0.31753 1.06417 0.218007 1.05143 0.118775 1.04583 0.108564 0.253022 0.309 1.43557e-33 0
2.96652 -1.14406 1.57 -1.527 1.14406 0.108564 0.253022 0.420039 1.0885 0.320508 1.06853 0.221091 1.05737 0.122331 1.05353 0.105166 0.250224 0.298 2.08633e-33 0
2.96652 -1.14406 1.57 -1.527 1.14406 0.108564 0.253022 0.420039 1.0885 0.320508 1.06853 0.221091 1.05737 0.122331 1.05353 0.105166 0.250224 0.298 2.08633e-33 0
2.96652 -1.14406 1.57 -1.527 1.14406 0.108564 0.253022 0.420039 1.0885 0.320508 1.06853 0.221091 1.05737 0.122331 1.05353 0.105166 0.250224 0.289 2.08633e-33 0
2.97195 -1.13142 1.57 -1.527 1.13142 0.105166 0.250224 0.422809 1.09107 0.323346 1.07281 0.224328 1.0632 0.125916 1.06108 0.101875 0.247458 0.282 3.01309e-34 0
2.97195 -1.13142 1.57 -1.527 1.13142 0.105166 0.250224 0.422809 1.09107 0.323346 1.07281 0.224328 1.0632 0.125916 1.06108 0.101875 0.247458 0.293 3.01309e-34 0
2.97721 -1.11891 1.57 -1.527 1.11891 0.101875 0.247458 0.425387 1.09358 0.326196 1.07701 0.227645 1.06892 0.129579 1.06849 0.0986872 0.244722 0.28 4.98653e-33 0
2.97721 -1.11891 1.57 -1.527 1.11891 0.101875 0.247458 0.425387 1.09358 0.326196 1.07701 0.227645 1.06892 0.129579 1.06849 0.0986872 0.244722 0.291 4.98653e-33 0
2.9823 -1.10654 1.57 -1.527 1.10654 0.0986872 0.244722 0.427919 1.09603 0.329084 1.08112 0.230966 1.07453 0.133622 1.07576 0.0955989 0.242018 0.282 1.76804e-30 0
2.9823 -1.10654 1.57 -1.527 1.10654 0.0986872 0.244722 0.427919 1.09603 0.329084 1.08112 0.230966 1.07453 0.133622 1.07576 0.0955989 0.242018 0.284 1.76804e-30 0
2.98724 -1.09432 1.57 -1.527 1.09432 0.0955989 0.242018 0.430416 1.09843 0.331997 1.08509 0.234289 1.08004 0.137751 1.08288 0.0926073 0.239344 0.281 5.59263e-34 0
2.98724 -1.09432 1.57 -1.527 1.09432 0.0955989 0.242018 0.430416 1.09843 0.331997 1.08509 0.234289 1.08004 0.137751 1.08288 0.0926073 0.239344 0.296 5.59263e-34 0
2.98724 -1.09432 1.57 -1.527 1.09432 0.0955989 0.242018 0.430416 1.09843 0.331997 1.08509 0.234289 1.08004 0.137751 1.08288 0.0926073 0.239344 0.29 5.59263e-34 0
2.99202 -1.08223 1.57 -1.527 1.08223 0.0926073 0.239344 0.432877 1.10077 0.334927 1.08889 0.237635 1.08544 0.141928 1.08988 0.0897095 0.2367 0.29 1.11476e-32 0
2.99202 -1.08223 1.57 -1.527 1.08223 0.0926073 0.239344 0.432877 1.10077 0.334927 1.08889 0.237635 1.08544 0.141928 1.08988 0.0897095 0.2367 0.286 1.11476e-32 0
2.99665 -1.07027 1.57 -1.527 1.07027 0.0897095 0.2367 0.435308 1.10306 0.337854 1.0926 0.241078 1.09073 0.146384 1.09674 0.0869027 0.234085 0.292 1.04874e-33 0
2.99665 -1.07027 1.57 -1.527 1.07027 0.0897095 0.2367 0.435308 1.10306 0.337854 1.0926 0.241078 1.09073 0.146384 1.09674 0.0869027 0.234085 0.284 1.04874e-33 0
3.00114 -1.05845 1.57 -1.527 1.05845 0.0869027 0.234085 0.437707 1.1053 0.340754 1.09625 0.244532 1.09593 0.151092 1.10334 0.0841831 0.2315 0.282 3.17017e-34 0
3.00114 -1.05845 1.57 -1.527 1.05845 0.0869027 0.234085 0.437707 1.1053 0.340754 1.09625 0.244532 1.09593 0.151092 1.10334 0.0841831 0.2315 0.281 3.17017e-34 0
3.00114 -1.05845 1.57 -1.527 1.05845 0.0869027 0.234085 0.437707 1.1053 0.340754 1.09625 0.244532 1.09593 0.151092 1.10334 0.0841831 0.2315 0.291 3.17017e-34 0
3.00548 -1.04677 1.57 -1.527 1.04677 0.0841831 0.2315 0.440075 1.10749 0.343628 1.09983 0.247837 1.10103 0.155905 1.1098 0.0815489 0.228943 0.283 1.95684e-33 0
3.00548 -1.04677 1.57 -1.527 1.04677 0.0841831 0.2315 0.440075 1.10749 0.343628 1.09983 0.247837 1.10103 0.155905 1.1098 0.0815489 0.228943 0.301 1.95684e-33 0
3.00969 -1.03521 1.57 -1.527 1.03521 0.0815489 0.228943 0.442411 1.10962 0.346475 1.10333 0.251215 1.10603 0.160662 1.11613 0.078997 0.226415 0.291 1.63934e-30 0
3.00969 -1.03521 1.57 -1.527 1.03521 0.0815489 0.228943 0.442411 1.10962 0.346475 1.10333 0.251215 1.10603 0.160662 1.11613 0.078997 0.226415 0.289 1.63934e-30 0
3.00969 -1.03521 1.57 -1.527 1.03521 0.0815489 0.228943 0.442411 1.10962 0.346475 1.10333 0.251215 1.10603 0.160662 1.11613 0.078997 0.226415 0.276 1.63934e-30 0
3.01377 -1.02378 1.57 -1.527 1.02378 0.078997 0.226415 0.444715 1.11161 0.349154 1.10677 0.254674 1.11093 0.165292 1.12234 0.0765249 0.223916 0.296 1.76621e-33 0
3.01377 -1.02378 1.57 -1.527 1.02378 0.078997 0.226415 0.444715 1.11161 0.349154 1.10677 0.254674 1.11093 0.165292 1.12234 0.0765249 0.223916 0.283 1.76621e-33 0
3.01772 -1.01248 1.57 -1.527 1.01248 0.0765249 0.223916 0.446973 1.1135 0.351797 1.11014 0.258201 1.11574 0.169902 1.12844 0.0741304 0.221444 0.282 1.00313e-33 0
3.01772 -1.01248 1.57 -1.527 1.01248 0.0765249 0.223916 0.446973 1.1135 0.351797 1.11014 0.258201 1.11574 0.169902 1.12844 0.0741304 0.221444 0.281 1.00313e-33 0
3.01772 -1.01248 1.57 -1.527 1.01248 0.0765249 0.223916 0.446973 1.1135 0.351797 1.11014 0.258201 1.11574 0.169902 1.12844 0.0741304 0.221444 0.289 1.00313e-33 0
3.02154 -1.0013 1.57 -1.527 1.0013 0.0741304 0.221444 0.449068 1.11536 0.354414 1.11345 0.261787 1.12034 0.17449 1.13441 0.0718107 0.219 0.287 1.6481e-33 0
3.02154 -1.0013 1.57 -1.527 1.0013 0.0741304 0.221444 0.449068 1.11536 0.354414 1.11345 0.261787 1.12034 0.17449 1.13441 0.0718107 0.219 0.418 1.6481e-33 0
3.02525 -0.99025 1.57 -1.527 0.99025 0.0718107 0.219 0.451087 1.11717 0.357004 1.11669 0.26542 1.12484 0.17912 1.14027 0.0695638 0.216583 0.295 1.08938e-33 0
3.02525 -0.99025 1.57 -1.527 0.99025 0.0718107 0.219 0.451087 1.11717 0.357004 1.11669 0.26542 1.12484 0.17912 1.14027 0.0695638 0.216583 0.286 1.08938e-33 0
3.02525 -0.99025 1.57 -1.527 0.99025 0.0718107 0.219 0.451087 1.11717 0.357004 1.11669 0.26542 1.12484 0.17912 1.14027 0.0695638 0.216583 0.291 1.08938e-33 0
3.02884 -0.979321 1.57 -1.527 0.979321 0.0695638 0.216583 0.453077 1.11894 0.359579 1.11987 0.269032 1.12925 0.183866 1.14602 0.0673872 0.214192 0.287 1.17341e-33 0
3.02884 -0.979321 1.57 -1.527 0.979321 0.0695638 0.216583 0.453077 1.11894 0.359579 1.11987 0.269032 1.12925 0.183866 1.14602 0.0673872 0.214192 0.291 1.17341e-33 0
3.02884 -0.979321 1.57 -1.527 0.979321 0.0695638 0.216583 0.453077 1.11894 0.359579 1.11987 0.269032 1.12925 0.183866 1.14602 0.0673872 0.214192 0.289 1.17341e-33 0
3.03232 -0.968515 1.57 -1.527 0.968515 0.0673872 0.214192 0.455037 1.12067 0.362154 1.12298 0.272483 1.13357 0.188706 1.15166 0.0652783 0.211829 0.295 3.31971e-33 0
3.03232 -0.968515 1.57 -1.527 0.968515 0.0673872 0.214192 0.455037 1.12067 0.362154 1.12298 0.272483 1.13357 0.188706 1.15166 0.0652783 0.211829 0.307 3.31971e-33 0
3.03569 -0.957827 1.57 -1.527 0.957827 0.0652783 0.211829 0.456968 1.12237 0.364727 1.12604 0.275937 1.13782 0.193611 1.15719 0.0632356 0.209491 0.307 3.70249e-34 0
3.03569 -0.957827 1.57 -1.527 0.957827 0.0652783 0.211829 0.456968 1.12237 0.364727 1.12604 0.275937 1.13782 0.193611 1.15719 0.0632356 0.209491 0.305 3.70249e-34 0
3.03569 -0.957827 1.57 -1.527 0.957827 0.0652783 0.211829 0.456968 1.12237 0.364727 1.12604 0.275937 1.13782 0.193611 1.15719 0.0632356 0.209491 0.306 3.70249e-34 0
3.03895 -0.947258 1.57 -1.527 0.947258 0.0632356 0.209491 0.458868 1.12402 0.367294 1.12904 0.279416 1.14198 0.198396 1.16261 0.0612572 0.20718 0.306 1.10863e-33 0
3.03895 -0.947258 1.57 -1.527 0.947258 0.0632356 0.209491 0.458868 1.12402 0.367294 1.12904 0.279416 1.14198 0.198396 1.16261 0.0612572 0.20718 0.311 1.10863e-33 0
3.03895 -0.947258 1.57 -1.527 0.947258 0.0632356 0.209491 0.458868 1.12402 0.367294 1.12904 0.279416 1.14198 0.198396 1.16261 0.0612572 0.20718 0.305 1.10863e-33 0
3.04211 -0.936805 1.57 -1.527 0.936805 0.0612572 0.20718 0.460737 1.12565 0.369853 1.13194 0.282912 1.14606 0.203078 1.16793 0.0593408 0.204893 0.306 1.05036e-31 0
3.04211 -0.936805 1.57 -1.527 0.936805 0.0612572 0.20718 0.460737 1.12565 0.369853 1.13194 0.282912 1.14606 0.203078 1.16793 0.0593408 0.204893 0.305 1.09443e-31 0
3.04211 -0.936805 1.57 -1.527 0.936805 0.0612572 0.20718 0.460737 1.12565 0.369853 1.13194 0.282912 1.14606 0.203078 1.16793 0.0593408 0.204893 0.316 1.05036e-31 0
3.04518 -0.926467 1.57 -1.527 0.926467 0.0593408 0.204893 0.462575 1.12723 0.372402 1.1347 0.286419 1.15007 0.207797 1.17315 0.0574845 0.202632 0.305 1.63312e-33 0
3.04518 -0.926467 1.57 -1.527 0.926467 0.0593408 0.204893 0.462575 1.12723 0.372402 1.1347 0.286419 1.15007 0.207797 1.17315 0.0574845 0.202632 0.302 1.63312e-33 0
3.04518 -0.926467 1.57 -1.527 0.926467 0.0593408 0.204893 0.462575 1.12723 0.372402 1.1347 0.286419 1.15007 0.207797 1.17315 0.0574845 0.202632 0.306 1.63312e-33 0
3.04814 -0.916245 1.57 -1.527 0.916245 0.0574845 0.202632 0.464382 1.12878 0.374905 1.1374 0.289931 1.154 0.212545 1.17827 0.0556858 0.200396 0.315 4.04895e-34 0
3.04814 -0.916245 1.57 -1.527 0.916245 0.0574845 0.202632 0.464382 1.12878 0.374905 1.1374 0.289931 1.154 0.212545 1.17827 0.0556858 0.200396 0.303 4.04895e-34 0
3.04814 -0.916245 1.57 -1.527 0.916245 0.0574845 0.202632 0.464382 1.12878 0.374905 1.1374 0.289931 1.154 0.212545 1.17827 0.0556858 0.200396 0.308 4.04895e-34 0
3.05102 -0.906135 1.57 -1.527 0.906135 0.0556858 0.200396 0.466159 1.1303 0.377262 1.14006 0.293444 1.15785 0.217309 1.18329 0.0539431 0.198185 0.307 1.80449e-33 0
3.05102 -0.906135 1.57 -1.527 0.906135 0.0556858 0.200396 0.466159 1.1303 0.377262 1.14006 0.293444 1.15785 0.217309 1.18329 0.0539431 0.198185 0.304 1.80449e-33 0
3.05102 -0.906135 1.57 -1.527 0.906135 0.0556858 0.200396 0.466159 1.1303 0.377262 1.14006 0.293444 1.15785 0.217309 1.18329 0.0539431 0.198185 0.308 1.80449e-33 0
3.0538 -0.896136 1.57 -1.527 0.896136 0.0539431 0.198185 0.467908 1.13179 0.379576 1.14266 0.296929 1.16164 0.222081 1.1882 0.0522554 0.195998 0.305 1.73274e-33 0
3.0538 -0.896136 1.57 -1.527 0.896136 0.0539431 0.198185 0.467908 1.13179 0.379576 1.14266 0.296929 1.16164 0.222081 1.1882 0.0522554 0.195998 0.303 1.73274e-33 0
3.0538 -0.896136 1.57 -1.527 0.896136 0.0539431 0.198185 0.467908 1.13179 0.379576 1.14266 0.296929 1.16164 0.222081 1.1882 0.0522554 0.195998 0.3 1.73274e-33 0
3.0565 -0.886247 1.57 -1.527 0.886247 0.0522554 0.195998 0.469627 1.13325 0.381877 1.14521 0.300377 1.16535 0.226852 1.19294 0.0506204 0.193836 0.304 5.20107e-34 0
3.0565 -0.886247 1.57 -1.527 0.886247 0.0522554 0.195998 0.469627 1.13325 0.381877 1.14521 0.300377 1.16535 0.226852 1.19294 0.0506204 0.193836 0.311 5.20107e-34 0
3.0565 -0.886247 1.57 -1.527 0.886247 0.0522554 0.195998 0.469627 1.13325 0.381877 1.14521 0.300377 1.16535 0.226852 1.19294 0.0506204 0.193836 0.307 5.20107e-34 0
3.05911 -0.876468 1.57 -1.527 0.876468 0.0506204 0.193836 0.471267 1.13459 0.384164 1.14772 0.303688 1.16899 0.231603 1.19757 0.0490363 0.191697 0.305 5.59113e-34 0
3.05911 -0.876468 1.57 -1.527 0.876468 0.0506204 0.193836 0.471267 1.13459 0.384164 1.14772 0.303688 1.16899 0.231603 1.19757 0.0490363 0.191697 0.306 5.59113e-34 0
3.05911 -0.876468 1.57 -1.527 0.876468 0.0506204 0.193836 0.471267 1.13459 0.384164 1.14772 0.303688 1.16899 0.231603 1.19757 0.0490363 0.191697 0.307 5.59113e-34 0
3.06164 -0.866797 1.57 -1.527 0.866797 0.0490363 0.191697 0.472789 1.13587 0.386436 1.15017 0.306941 1.17256 0.23622 1.20212 0.0475013 0.189582 0.303 1.17721e-33 0
3.06164 -0.866797 1.57 -1.527 0.866797 0.0490363 0.191697 0.472789 1.13587 0.386436 1.15017 0.306941 1.17256 0.23622 1.20212 0.0475013 0.189582 0.303 1.17721e-33 0
3.06164 -0.866797 1.57 -1.527 0.866797 0.0490363 0.191697 0.472789 1.13587 0.386436 1.15017 0.306941 1.17256 0.23622 1.20212 0.0475013 0.189582 0.306 1.17721e-33 0
3.0641 -0.857232 1.57 -1.527 0.857232 0.0475013 0.189582 0.474278 1.13712 0.388695 1.15258 0.310158 1.17607 0.240714 1.20658 0.0460143 0.18749 0.305 2.45177e-33 0
3.0641 -0.857232 1.57 -1.527 0.857232 0.0475013 0.189582 0.474278 1.13712 0.388695 1.15258 0.310158 1.17607 0.240714 1.20658 0.0460143 0.18749 0.302 2.45177e-33 0
3.0641 -0.857232 1.57 -1.527 0.857232 0.0475013 0.189582 0.474278 1.13712 0.388695 1.15258 0.310158 1.17607 0.240714 1.20658 0.0460143 0.18749 0.307 2.45177e-33 0
3.06647 -0.847771 1.57 -1.527 0.847771 0.0460143 0.18749 0.475742 1.13835 0.390938 1.15495 0.313342 1.17951 0.245189 1.21095 0.0445745 0.18542 0.302 1.59504e-34 0
3.06647 -0.847771 1.57 -1.527 0.847771 0.0460143 0.18749 0.475742 1.13835 0.390938 1.15495 0.313342 1.17951 0.245189 1.21095 0.0445745 0.18542 0.302 1.59504e-34 0
3.06647 -0.847771 1.57 -1.527 0.847771 0.0460143 0.18749 0.475742 1.13835 0.390938 1.15495 0.313342 1.17951 0.245189 1.21095 0.0445745 0.18542 0.415 1.59504e-34 0
3.06877 -0.838414 1.57 -1.527 0.838414 0.0445745 0.18542 0.477183 1.13955 0.393164 1.15727 0.316491 1.18287 0.24964 1.21525 0.0431797 0.183374 0.302 7.4328e-34 0
3.06877 -0.838414 1.57 -1.527 0.838414 0.0445745 0.18542 0.477183 1.13955 0.393164 1.15727 0.316491 1.18287 0.24964 1.21525 0.0431797 0.183374 0.304 7.4328e-34 0
3.06877 -0.838414 1.57 -1.527 0.838414 0.0445745 0.18542 0.477183 1.13955 0.393164 1.15727 0.316491 1.18287 0.24964 1.21525 0.0431797 0.183374 0.308 7.4328e-34 0
3.071 -0.829158 1.57 -1.527 0.829158 0.0431797 0.183374 0.478599 1.14072 0.395372 1.15954 0.319605 1.18608 0.254044 1.21946 0.0418289 0.181349 0.305 2.5121e-31 0
3.071 -0.829158 1.57 -1.527 0.829158 0.0431797 0.183374 0.478599 1.14072 0.395372 1.15954 0.319605 1.18608 0.254044 1.21946 0.0418289 0.181349 0.326 2.5121e-31 0
3.071 -0.829158 1.57 -1.527 0.829158 0.0431797 0.183374 0.478599 1.14072 0.395372 1.15954 0.319605 1.18608 0.254044 1.21946 0.0418289 0.181349 0.322 2.5121e-31 0
3.071 -0.829158 1.57 -1.527 0.829158 0.0431797 0.183374 0.478599 1.14072 0.395372 1.15954 0.319605 1.18608 0.254044 1.21946 0.0418289 0.181349 0.324 2.5121e-31 0
3.07316 -0.820003 1.57 -1.527 0.820003 0.0418289 0.181349 0.479991 1.14187 0.397562 1.16178 0.322685 1.18923 0.258397 1.22359 0.0405203 0.179347 0.325 4.50864e-31 0
3.07316 -0.820003 1.57 -1.527 0.820003 0.0418289 0.181349 0.479991 1.14187 0.397562 1.16178 0.322685 1.18923 0.258397 1.22359 0.0405203 0.179347 0.314 4.50864e-31 0
3.07316 -0.820003 1.57 -1.527 0.820003 0.0418289 0.181349 0.479991 1.14187 0.397562 1.16178 0.322685 1.18923 0.258397 1.22359 0.0405203 0.179347 0.317 4.50864e-31 0
3.07525 -0.810949 1.57 -1.527 0.810949 0.0405203 0.179347 0.481356 1.143 0.399733 1.16397 0.32573 1.19232 0.2627 1.22764 0.0392524 0.177367 0.315 4.98312e-33 0
3.07525 -0.810949 1.57 -1.527 0.810949 0.0405203 0.179347 0.481356 1.143 0.399733 1.16397 0.32573 1.19232 0.2627 1.22764 0.0392524 0.177367 0.304 4.98312e-33 0
3.07525 -0.810949 1.57 -1.527 0.810949 0.0405203 0.179347 0.481356 1.143 0.399733 1.16397 0.32573 1.19232 0.2627 1.22764 0.0392524 0.177367 0.308 4.98312e-33 0
3.07728 -0.801993 1.57 -1.527 0.801993 0.0392524 0.177367 0.482697 1.14411 0.401878 1.16612 0.32875 1.19536 0.266952 1.23161 0.0380241 0.175408 0.305 1.64087e-33 0
3.07728 -0.801993 1.57 -1.527 0.801993 0.0392524 0.177367 0.482697 1.14411 0.401878 1.16612 0.32875 1.19536 0.266952 1.23161 0.0380241 0.175408 0.303 1.64087e-33 0
3.07728 -0.801993 1.57 -1.527 0.801993 0.0392524 0.177367 0.482697 1.14411 0.401878 1.16612 0.32875 1.19536 0.266952 1.23161 0.0380241 0.175408 0.315 1.64087e-33 0
3.07924 -0.793135 1.57 -1.527 0.793135 0.0380241 0.175408 0.484012 1.14519 0.403923 1.16823 0.331753 1.19834 0.271155 1.23551 0.0368342 0.173471 0.305 2.07645e-33 0
3.07924 -0.793135 1.57 -1.527 0.793135 0.0380241 0.175408 0.484012 1.14519 0.403923 1.16823 0.331753 1.19834 0.271155 1.23551 0.0368342 0.173471 0.303 2.07645e-33 0
3.07924 -0.793135 1.57 -1.527 0.793135 0.0380241 0.175408 0.484012 1.14519 0.403923 1.16823 0.331753 1.19834 0.271155 1.23551 0.0368342 0.173471 0.304 2.07645e-33 0
3.07924 -0.793135 1.57 -1.527 0.793135 0.0380241 0.175408 0.484012 1.14519 0.403923 1.16823 0.331753 1.19834 0.271155 1.23551 0.0368342 0.173471 0.307 2.07645e-33 0
3.08114 -0.784374 1.57 -1.527 0.784374 0.0368342 0.173471 0.485302 1.14625 0.405886 1.17031 0.334738 1.20126 0.275307 1.23933 0.0356817 0.171554 0.313 1.2457e-33 0
3.08114 -0.784374 1.57 -1.527 0.784374 0.0368342 0.173471 0.485302 1.14625 0.405886 1.17031 0.334738 1.20126 0.275307 1.23933 0.0356817 0.171554 0.304 1.2457e-33 0
3.08114 -0.784374 1.57 -1.527 0.784374 0.0368342 0.173471 0.485302 1.14625 0.405886 1.17031 0.334738 1.20126 0.275307 1.23933 0.0356817 0.171554 0.316 1.2457e-33 0
3.08298 -0.775707 1.57 -1.527 0.775707 0.0356817 0.171554 0.486568 1.14729 0.40783 1.17234 0.337703 1.20413 0.27941 1.24308 0.0345651 0.169659 0.303 6.85684e-34 0
3.08298 -0.775707 1.57 -1.527 0.775707 0.0356817 0.171554 0.486568 1.14729 0.40783 1.17234 0.337703 1.20413 0.27941 1.24308 0.0345651 0.169659 0.305 6.85684e-34 0
3.08298 -0.775707 1.57 -1.527 0.775707 0.0356817 0.171554 0.486568 1.14729 0.40783 1.17234 0.337703 1.20413 0.27941 1.24308 0.0345651 0.169659 0.306 6.85684e-34 0
3.08298 -0.775707 1.57 -1.527 0.775707 0.0356817 0.171554 0.486568 1.14729 0.40783 1.17234 0.337703 1.20413 0.27941 1.24308 0.0345651 0.169659 0.305 6.85684e-34 0
3.08477 -0.767135 1.57 -1.527 0.767135 0.0345651 0.169659 0.48781 1.14831 0.409755 1.17431 0.340649 1.20695 0.283469 1.24675 0.0334834 0.167784 0.305 1.05109e-33 0
3.08477 -0.767135 1.57 -1.527 0.767135 0.0345651 0.169659 0.48781 1.14831 0.409755 1.17431 0.340649 1.20695 0.283469 1.24675 0.0334834 0.167784 0.306 1.05109e-33 0
3.08477 -0.767135 1.57 -1.527 0.767135 0.0345651 0.169659 0.48781 1.14831 0.409755 1.17431 0.340649 1.20695 0.283469 1.24675 0.0334834 0.167784 0.308 1.05109e-33 0
3.0865 -0.758656 1.57 -1.527 0.758656 0.0334834 0.167784 0.489029 1.14931 0.411663 1.17618 0.343571 1.20971 0.287494 1.25035 0.0324354 0.16593 0.304 5.06734e-34 0
3.0865 -0.758656 1.57 -1.527 0.758656 0.0334834 0.167784 0.489029 1.14931 0.411663 1.17618 0.343571 1.20971 0.287494 1.25035 0.0324354 0.16593 0.305 5.06734e-34 0
3.0865 -0.758656 1.57 -1.527 0.758656 0.0334834 0.167784 0.489029 1.14931 0.411663 1.17618 0.343571 1.20971 0.287494 1.25035 0.0324354 0.16593 0.305 5.06734e-34 0
3.0865 -0.758656 1.57 -1.527 0.758656 0.0334834 0.167784 0.489029 1.14931 0.411663 1.17618 0.343571 1.20971 0.287494 1.25035 0.0324354 0.16593 0.288 5.06734e-34 0
3.08817 -0.750269 1.57 -1.527 0.750269 0.0324354 0.16593 0.490225 1.15028 0.413552 1.17801 0.346416 1.21243 0.291485 1.25389 0.0314203 0.164095 0.304 6.06958e-35 0
3.08817 -0.750269 1.57 -1.527 0.750269 0.0324354 0.16593 0.490225 1.15028 0.413552 1.17801 0.346416 1.21243 0.291485 1.25389 0.0314203 0.164095 0.322 6.06958e-35 0
3.08817 -0.750269 1.57 -1.527 0.750269 0.0324354 0.16593 0.490225 1.15028 0.413552 1.17801 0.346416 1.21243 0.291485 1.25389 0.0314203 0.164095 0.31 6.06958e-35 0
3.08979 -0.741973 1.57 -1.527 0.741973 0.0314203 0.164095 0.491399 1.15124 0.415422 1.17981 0.349155 1.21509 0.295429 1.25735 0.0304369 0.162281 0.323 1.89517e-34 0
3.08979 -0.741973 1.57 -1.527 0.741973 0.0314203 0.164095 0.491399 1.15124 0.415422 1.17981 0.349155 1.21509 0.295429 1.25735 0.0304369 0.162281 0.325 1.89517e-34 0
3.08979 -0.741973 1.57 -1.527 0.741973 0.0314203 0.164095 0.491399 1.15124 0.415422 1.17981 0.349155 1.21509 0.295429 1.25735 0.0304369 0.162281 0.328 1.89517e-34 0
3.08979 -0.741973 1.57 -1.527 0.741973 0.0314203 0.164095 0.491399 1.15124 0.415422 1.17981 0.349155 1.21509 0.295429 1.25735 0.0304369 0.162281 0.339 1.89517e-34 0
3.09136 -0.733767 1.57 -1.527 0.733767 0.0304369 0.162281 0.492552 1.15219 0.417274 1.18157 0.351856 1.21771 0.299267 1.26076 0.0294841 0.160486 0.333 6.71983e-34 0
3.09136 -0.733767 1.57 -1.527 0.733767 0.0304369 0.162281 0.492552 1.15219 0.417274 1.18157 0.351856 1.21771 0.299267 1.26076 0.0294841 0.160486 0.329 6.71983e-34 0
3.09136 -0.733767 1.57 -1.527 0.733767 0.0304369 0.162281 0.492552 1.15219 0.417274 1.18157 0.351856 1.21771 0.299267 1.26076 0.0294841 0.160486 0.33 6.71983e-34 0
3.09136 -0.733767 1.57 -1.527 0.733767 0.0304369 0.162281 0.492552 1.15219 0.417274 1.18157 0.351856 1.21771 0.299267 1.26076 0.0294841 0.160486 0.334 6.71983e-34 0
3.09289 -0.725648 1.57 -1.527 0.725648 0.0294841 0.160486 0.493672 1.15311 0.419106 1.1833 0.354535 1.22028 0.303001 1.2641 0.0285616 0.15871 0.332 1.93094e-33 0
3.09289 -0.725648 1.57 -1.527 0.725648 0.0294841 0.160486 0.493672 1.15311 0.419106 1.1833 0.354535 1.22028 0.303001 1.2641 0.0285616 0.15871 0.322 1.93094e-33 0
3.09289 -0.725648 1.57 -1.527 0.725648 0.0294841 0.160486 0.493672 1.15311 0.419106 1.1833 0.354535 1.22028 0.303001 1.2641 0.0285616 0.15871 0.334 1.93094e-33 0
3.09436 -0.717618 1.57 -1.527 0.717618 0.0285616 0.15871 0.494687 1.15402 0.420919 1.185 0.357192 1.2228 0.306691 1.26734 0.0276679 0.156954 0.337 1.31322e-36 0
3.09436 -0.717618 1.57 -1.527 0.717618 0.0285616 0.15871 0.494687 1.15402 0.420919 1.185 0.357192 1.2228 0.306691 1.26734 0.0276679 0.156954 0.329 1.31322e-36 0
3.09436 -0.717618 1.57 -1.527 0.717618 0.0285616 0.15871 0.494687 1.15402 0.420919 1.185 0.357192 1.2228 0.306691 1.26734 0.0276679 0.156954 0.323 1.31322e-36 0
3.09436 -0.717618 1.57 -1.527 0.717618 0.0285616 0.15871 0.494687 1.15402 0.420919 1.185 0.357192 1.2228 0.306691 1.26734 0.0276679 0.156954 0.324 1.31322e-36 0
3.09579 -0.709674 1.57 -1.527 0.709674 0.0276679 0.156954 0.495684 1.15487 0.422712 1.18667 0.359826 1.22528 0.310347 1.27048 0.0268021 0.155216 0.324 3.06833e-33 0
3.09579 -0.709674 1.57 -1.527 0.709674 0.0276679 0.156954 0.495684 1.15487 0.422712 1.18667 0.359826 1.22528 0.310347 1.27048 0.0268021 0.155216 0.328 3.94338e-33 0
3.09579 -0.709674 1.57 -1.527 0.709674 0.0276679 0.156954 0.495684 1.15487 0.422712 1.18667 0.359826 1.22528 0.310347 1.27048 0.0268021 0.155216 0.321 3.06833e-33 0
3.09579 -0.709674 1.57 -1.527 0.709674 0.0276679 0.156954 0.495684 1.15487 0.422712 1.18667 0.359826 1.22528 0.310347 1.27048 0.0268021 0.155216 0.343 3.94338e-33 0
3.09717 -0.701816 1.57 -1.527 0.701816 0.0268021 0.155216 0.496661 1.15565 0.424487 1.18831 0.362436 1.22771 0.313966 1.27357 0.0259634 0.153498 0.346 4.08634e-34 0
3.09717 -0.701816 1.57 -1.527 0.701816 0.0268021 0.155216 0.496661 1.15565 0.424487 1.18831 0.362436 1.22771 0.313966 1.27357 0.0259634 0.153498 0.353 4.08634e-34 0
3.09717 -0.701816 1.57 -1.527 0.701816 0.0268021 0.155216 0.496661 1.15565 0.424487 1.18831 0.362436 1.22771 0.313966 1.27357 0.0259634 0.153498 0.343 4.08634e-34 0
3.09717 -0.701816 1.57 -1.527 0.701816 0.0268021 0.155216 0.496661 1.15565 0.424487 1.18831 0.362436 1.22771 0.313966 1.27357 0.0259634 0.153498 0.344 4.08634e-34 0
3.09851 -0.694042 1.57 -1.527 0.694042 0.0259634 0.153498 0.497621 1.15642 0.426241 1.18992 0.365022 1.2301 0.317548 1.27659 0.025151 0.151797 0.347 6.10578e-34 0
3.09851 -0.694042 1.57 -1.527 0.694042 0.0259634 0.153498 0.497621 1.15642 0.426241 1.18992 0.365022 1.2301 0.317548 1.27659 0.025151 0.151797 0.343 6.10578e-34 0
3.09851 -0.694042 1.57 -1.527 0.694042 0.0259634 0.153498 0.497621 1.15642 0.426241 1.18992 0.365022 1.2301 0.317548 1.27659 0.025151 0.151797 0.345 6.10578e-34 0
3.09851 -0.694042 1.57 -1.527 0.694042 0.0259634 0.153498 0.497621 1.15642 0.426241 1.18992 0.365022 1.2301 0.317548 1.27659 0.025151 0.151797 0.349 6.10578e-34 0
3.09981 -0.686353 1.57 -1.527 0.686353 0.025151 0.151797 0.498563 1.15717 0.427977 1.1915 0.367584 1.23244 0.321094 1.27957 0.0243638 0.150116 0.349 4.59202e-31 0
3.09981 -0.686353 1.57 -1.527 0.686353 0.025151 0.151797 0.498563 1.15717 0.427977 1.1915 0.367584 1.23244 0.321094 1.27957 0.0243638 0.150116 0.357 4.54132e-31 0
3.09981 -0.686353 1.57 -1.527 0.686353 0.025151 0.151797 0.498563 1.15717 0.427977 1.1915 0.367584 1.23244 0.321094 1.27957 0.0243638 0.150116 0.346 4.59202e-31 0
3.09981 -0.686353 1.57 -1.527 0.686353 0.025151 0.151797 0.498563 1.15717 0.427977 1.1915 0.367584 1.23244 0.321094 1.27957 0.0243638 0.150116 0.361 4.54132e-31 0
3.10107 -0.678746 1.57 -1.527 0.678746 0.0243638 0.150116 0.499488 1.15791 0.429693 1.19305 0.370121 1.23475 0.324601 1.28248 0.0236014 0.148452 0.357 5.18031e-34 0
3.10107 -0.678746 1.57 -1.527 0.678746 0.0243638 0.150116 0.499488 1.15791 0.429693 1.19305 0.370121 1.23475 0.324601 1.28248 0.0236014 0.148452 0.344 5.18031e-34 0
3.10107 -0.678746 1.57 -1.527 0.678746 0.0243638 0.150116 0.499488 1.15791 0.429693 1.19305 0.370121 1.23475 0.324601 1.28248 0.0236014 0.148452 0.345 5.18031e-34 0
3.10107 -0.678746 1.57 -1.527 0.678746 0.0243638 0.150116 0.499488 1.15791 0.429693 1.19305 0.370121 1.23475 0.324601 1.28248 0.0236014 0.148452 0.36 5.18031e-34 0
3.10229 -0.671221 1.57 -1.527 0.671221 0.0236014 0.148452 0.500395 1.15863 0.431385 1.19458 0.372633 1.23701 0.328071 1.28535 0.0228625 0.146806 0.346 3.75331e-33 0
3.10229 -0.671221 1.57 -1.527 0.671221 0.0236014 0.148452 0.500395 1.15863 0.431385 1.19458 0.372633 1.23701 0.328071 1.28535 0.0228625 0.146806 0.357 9.85292e-34 0
3.10229 -0.671221 1.57 -1.527 0.671221 0.0236014 0.148452 0.500395 1.15863 0.431385 1.19458 0.372633 1.23701 0.328071 1.28535 0.0228625 0.146806 0.347 1.49316e-33 0
3.10229 -0.671221 1.57 -1.527 0.671221 0.0236014 0.148452 0.500395 1.15863 0.431385 1.19458 0.372633 1.23701 0.328071 1.28535 0.0228625 0.146806 0.35 3.75331e-33 0
3.10347 -0.663776 1.57 -1.527 0.663776 0.0228625 0.146806 0.501286 1.15934 0.433012 1.19608 0.375121 1.23924 0.331503 1.28816 0.0221474 0.145178 0.352 3.76228e-31 0
3.10347 -0.663776 1.57 -1.527 0.663776 0.0228625 0.146806 0.501286 1.15934 0.433012 1.19608 0.375121 1.23924 0.331503 1.28816 0.0221474 0.145178 0.358 3.64983e-31 0
3.10347 -0.663776 1.57 -1.527 0.663776 0.0228625 0.146806 0.501286 1.15934 0.433012 1.19608 0.375121 1.23924 0.331503 1.28816 0.0221474 0.145178 0.346 3.76228e-31 0
3.10347 -0.663776 1.57 -1.527 0.663776 0.0228625 0.146806 0.501286 1.15934 0.433012 1.19608 0.375121 1.23924 0.331503 1.28816 0.0221474 0.145178 0.35 3.64983e-31 0
3.10461 -0.656411 1.57 -1.527 0.656411 0.0221474 0.145178 0.502161 1.16004 0.434567 1.19755 0.377583 1.24142 0.334897 1.29093 0.0214545 0.143567 0.345 1.95567e-34 0
3.10461 -0.656411 1.57 -1.527 0.656411 0.0221474 0.145178 0.502161 1.16004 0.434567 1.19755 0.377583 1.24142 0.334897 1.29093 0.0214545 0.143567 0.355 1.95567e-34 0
3.10461 -0.656411 1.57 -1.527 0.656411 0.0221474 0.145178 0.502161 1.16004 0.434567 1.19755 0.377583 1.24142 0.334897 1.29093 0.0214545 0.143567 0.345 1.95567e-34 0
3.10461 -0.656411 1.57 -1.527 0.656411 0.0221474 0.145178 0.502161 1.16004 0.434567 1.19755 0.377583 1.24142 0.334897 1.29093 0.0214545 0.143567 0.358 1.95567e-34 0
3.10572 -0.649125 1.57 -1.527 0.649125 0.0214545 0.143567 0.503019 1.16072 0.436094 1.19899 0.380019 1.24353 0.338252 1.29364 0.0207832 0.141973 0.347 4.52032e-35 0
3.10572 -0.649125 1.57 -1.527 0.649125 0.0214545 0.143567 0.503019 1.16072 0.436094 1.19899 0.380019 1.24353 0.338252 1.29364 0.0207832 0.141973 0.354 4.52032e-35 0
3.10572 -0.649125 1.57 -1.527 0.649125 0.0214545 0.143567 0.503019 1.16072 0.436094 1.19899 0.380019 1.24353 0.338252 1.29364 0.0207832 0.141973 0.346 4.52032e-35 0
3.10572 -0.649125 1.57 -1.527 0.649125 0.0214545 0.143567 0.503019 1.16072 0.436094 1.19899 0.380019 1.24353 0.338252 1.29364 0.0207832 0.141973 0.345 4.52032e-35 0
3.10572 -0.649125 1.57 -1.527 0.649125 0.0214545 0.143567 0.503019 1.16072 0.436094 1.19899 0.380019 1.24353 0.338252 1.29364 0.0207832 0.141973 0.346 4.52032e-35 0
3.10679 -0.641917 1.57 -1.527 0.641917 0.0207832 0.141973 0.503863 1.16139 0.437605 1.20041 0.382429 1.24557 0.341569 1.29631 0.0201328 0.140397 0.356 3.71645e-34 0
3.10679 -0.641917 1.57 -1.527 0.641917 0.0207832 0.141973 0.503863 1.16139 0.437605 1.20041 0.382429 1.24557 0.341569 1.29631 0.0201328 0.140397 0.345 3.71645e-34 0
3.10679 -0.641917 1.57 -1.527 0.641917 0.0207832 0.141973 0.503863 1.16139 0.437605 1.20041 0.382429 1.24557 0.341569 1.29631 0.0201328 0.140397 0.355 3.71645e-34 0
3.10679 -0.641917 1.57 -1.527 0.641917 0.0207832 0.141973 0.503863 1.16139 0.437605 1.20041 0.382429 1.24557 0.341569 1.29631 0.0201328 0.140397 0.35 3.71645e-34 0
3.10783 -0.634786 1.57 -1.527 0.634786 0.0201328 0.140397 0.504691 1.16205 0.439099 1.20181 0.384814 1.24757 0.344847 1.29893 0.0195028 0.138837 0.355 2.96663e-34 0
3.10783 -0.634786 1.57 -1.527 0.634786 0.0201328 0.140397 0.504691 1.16205 0.439099 1.20181 0.384814 1.24757 0.344847 1.29893 0.0195028 0.138837 0.345 2.96663e-34 0
3.10783 -0.634786 1.57 -1.527 0.634786 0.0201328 0.140397 0.504691 1.16205 0.439099 1.20181 0.384814 1.24757 0.344847 1.29893 0.0195028 0.138837 0.354 2.96663e-34 0
3.10783 -0.634786 1.57 -1.527 0.634786 0.0201328 0.140397 0.504691 1.16205 0.439099 1.20181 0.384814 1.24757 0.344847 1.29893 0.0195028 0.138837 0.345 2.96663e-34 0
3.10884 -0.627731 1.57 -1.527 0.627731 0.0195028 0.138837 0.505504 1.1627 0.440575 1.20318 0.387152 1.24953 0.348087 1.3015 0.0188927 0.137294 0.358 3.00403e-35 0
3.10884 -0.627731 1.57 -1.527 0.627731 0.0195028 0.138837 0.505504 1.1627 0.440575 1.20318 0.387152 1.24953 0.348087 1.3015 0.0188927 0.137294 0.344 3.00403e-35 0
3.10884 -0.627731 1.57 -1.527 0.627731 0.0195028 0.138837 0.505504 1.1627 0.440575 1.20318 0.387152 1.24953 0.348087 1.3015 0.0188927 0.137294 0.355 3.00403e-35 0
3.10884 -0.627731 1.57 -1.527 0.627731 0.0195028 0.138837 0.505504 1.1627 0.440575 1.20318 0.387152 1.24953 0.348087 1.3015 0.0188927 0.137294 0.355 3.00403e-35 0
3.10981 -0.620751 1.57 -1.527 0.620751 0.0188927 0.137294 0.506303 1.16333 0.442035 1.20453 0.389415 1.25146 0.351289 1.30403 0.018302 0.135768 0.359 3.31888e-34 0
3.10981 -0.620751 1.57 -1.527 0.620751 0.0188927 0.137294 0.506303 1.16333 0.442035 1.20453 0.389415 1.25146 0.351289 1.30403 0.018302 0.135768 0.352 3.31888e-34 0
3.10981 -0.620751 1.57 -1.527 0.620751 0.0188927 0.137294 0.506303 1.16333 0.442035 1.20453 0.389415 1.25146 0.351289 1.30403 0.018302 0.135768 0.356 3.31888e-34 0
3.10981 -0.620751 1.57 -1.527 0.620751 0.0188927 0.137294 0.506303 1.16333 0.442035 1.20453 0.389415 1.25146 0.351289 1.30403 0.018302 0.135768 0.348 3.31888e-34 0
3.11075 -0.613846 1.57 -1.527 0.613846 0.018302 0.135768 0.507088 1.16395 0.443477 1.20585 0.391616 1.25336 0.354441 1.30651 0.0177292 0.134257 0.352 3.42884e-34 0
3.11075 -0.613846 1.57 -1.527 0.613846 0.018302 0.135768 0.507088 1.16395 0.443477 1.20585 0.391616 1.25336 0.354441 1.30651 0.0177292 0.134257 0.345 3.42884e-34 0
3.11075 -0.613846 1.57 -1.527 0.613846 0.018302 0.135768 0.507088 1.16395 0.443477 1.20585 0.391616 1.25336 0.354441 1.30651 0.0177292 0.134257 0.344 3.42884e-34 0
3.11075 -0.613846 1.57 -1.527 0.613846 0.018302 0.135768 0.507088 1.16395 0.443477 1.20585 0.391616 1.25336 0.354441 1.30651 0.0177292 0.134257 0.347 3.42884e-34 0
3.11167 -0.607016 1.57 -1.527 0.607016 0.0177292 0.134257 0.507859 1.16456 0.444903 1.20715 0.393791 1.25522 0.357517 1.30896 0.0171743 0.132763 0.345 3.42283e-34 0
3.11167 -0.607016 1.57 -1.527 0.607016 0.0177292 0.134257 0.507859 1.16456 0.444903 1.20715 0.393791 1.25522 0.357517 1.30896 0.0171743 0.132763 0.344 3.42283e-34 0
3.11167 -0.607016 1.57 -1.527 0.607016 0.0177292 0.134257 0.507859 1.16456 0.444903 1.20715 0.393791 1.25522 0.357517 1.30896 0.0171743 0.132763 0.354 3.42283e-34 0
3.11167 -0.607016 1.57 -1.527 0.607016 0.0177292 0.134257 0.507859 1.16456 0.444903 1.20715 0.393791 1.25522 0.357517 1.30896 0.0171743 0.132763 0.346 3.42283e-34 0
3.11167 -0.607016 1.57 -1.527 0.607016 0.0177292 0.134257 0.507859 1.16456 0.444903 1.20715 0.393791 1.25522 0.357517 1.30896 0.0171743 0.132763 0.356 3.42283e-34 0
3.11256 -0.600258 1.57 -1.527 0.600258 0.0171743 0.132763 0.508616 1.16517 0.446313 1.20843 0.395943 1.25705 0.360516 1.31135 0.016637 0.131285 0.335 1.7706e-31 0
3.11256 -0.600258 1.57 -1.527 0.600258 0.0171743 0.132763 0.508616 1.16517 0.446313 1.20843 0.395943 1.25705 0.360516 1.31135 0.016637 0.131285 0.333 1.78524e-31 0
3.11256 -0.600258 1.57 -1.527 0.600258 0.0171743 0.132763 0.508616 1.16517 0.446313 1.20843 0.395943 1.25705 0.360516 1.31135 0.016637 0.131285 0.326 1.7706e-31 0
3.11256 -0.600258 1.57 -1.527 0.600258 0.0171743 0.132763 0.508616 1.16517 0.446313 1.20843 0.395943 1.25705 0.360516 1.31135 0.016637 0.131285 0.336 1.78524e-31 0
3.11342 -0.593572 1.57 -1.527 0.593572 0.016637 0.131285 0.509361 1.16575 0.447706 1.20969 0.398071 1.25885 0.363465 1.31371 0.0161163 0.129823 0.326 4.22662e-31 0
3.11342 -0.593572 1.57 -1.527 0.593572 0.016637 0.131285 0.509361 1.16575 0.447706 1.20969 0.398071 1.25885 0.363465 1.31371 0.0161163 0.129823 0.338 4.22662e-31 0
3.11342 -0.593572 1.57 -1.527 0.593572 0.016637 0.131285 0.509361 1.16575 0.447706 1.20969 0.398071 1.25885 0.363465 1.31371 0.0161163 0.129823 0.325 4.22662e-31 0
3.11342 -0.593572 1.57 -1.527 0.593572 0.016637 0.131285 0.509361 1.16575 0.447706 1.20969 0.398071 1.25885 0.363465 1.31371 0.0161163 0.129823 0.338 4.22662e-31 0
3.11425 -0.586957 1.57 -1.527 0.586957 0.0161163 0.129823 0.510092 1.16633 0.449082 1.21092 0.400176 1.26062 0.36638 1.31602 0.0156121 0.128376 0.337 1.0506e-30 0
3.11425 -0.586957 1.57 -1.527 0.586957 0.0161163 0.129823 0.510092 1.16633 0.449082 1.21092 0.400176 1.26062 0.36638 1.31602 0.0156121 0.128376 0.335 4.03234e-31 0
3.11425 -0.586957 1.57 -1.527 0.586957 0.0161163 0.129823 0.510092 1.16633 0.449082 1.21092 0.400176 1.26062 0.36638 1.31602 0.0156121 0.128376 0.336 1.04683e-30 0
3.11425 -0.586957 1.57 -1.527 0.586957 0.0161163 0.129823 0.510092 1.16633 0.449082 1.21092 0.400176 1.26062 0.36638 1.31602 0.0156121 0.128376 0.338 4.03234e-31 0
3.11505 -0.580413 1.57 -1.527 0.580413 0.0156121 0.128376 0.510811 1.1669 0.450443 1.21209 0.402258 1.26236 0.369259 1.3183 0.0151235 0.126945 0.326 5.54479e-34 0
3.11505 -0.580413 1.57 -1.527 0.580413 0.0156121 0.128376 0.510811 1.1669 0.450443 1.21209 0.402258 1.26236 0.369259 1.3183 0.0151235 0.126945 0.342 5.54479e-34 0
3.11505 -0.580413 1.57 -1.527 0.580413 0.0156121 0.128376 0.510811 1.1669 0.450443 1.21209 0.402258 1.26236 0.369259 1.3183 0.0151235 0.126945 0.325 5.54479e-34 0
3.11505 -0.580413 1.57 -1.527 0.580413 0.0156121 0.128376 0.510811 1.1669 0.450443 1.21209 0.402258 1.26236 0.369259 1.3183 0.0151235 0.126945 0.338 5.54479e-34 0
3.11583 -0.573939 1.57 -1.527 0.573939 0.0151235 0.126945 0.511517 1.16746 0.451787 1.21322 0.404316 1.26406 0.372103 1.32054 0.0146497 0.125529 0.337 3.10126e-31 0
3.11583 -0.573939 1.57 -1.527 0.573939 0.0151235 0.126945 0.511517 1.16746 0.451787 1.21322 0.404316 1.26406 0.372103 1.32054 0.0146497 0.125529 0.347 3.10126e-31 0
3.11583 -0.573939 1.57 -1.527 0.573939 0.0151235 0.126945 0.511517 1.16746 0.451787 1.21322 0.404316 1.26406 0.372103 1.32054 0.0146497 0.125529 0.336 3.10126e-31 0
3.11583 -0.573939 1.57 -1.527 0.573939 0.0151235 0.126945 0.511517 1.16746 0.451787 1.21322 0.404316 1.26406 0.372103 1.32054 0.0146497 0.125529 0.339 3.10126e-31 0
3.11659 -0.567532 1.57 -1.527 0.567532 0.0146497 0.125529 0.512212 1.16801 0.453115 1.21432 0.406352 1.26574 0.374914 1.32273 0.0141917 0.124128 0.335 5.35108e-34 0
3.11659 -0.567532 1.57 -1.527 0.567532 0.0146497 0.125529 0.512212 1.16801 0.453115 1.21432 0.406352 1.26574 0.374914 1.32273 0.0141917 0.124128 0.335 5.35108e-34 0
3.11659 -0.567532 1.57 -1.527 0.567532 0.0146497 0.125529 0.512212 1.16801 0.453115 1.21432 0.406352 1.26574 0.374914 1.32273 0.0141917 0.124128 0.334 5.35108e-34 0
3.11659 -0.567532 1.57 -1.527 0.567532 0.0146497 0.125529 0.512212 1.16801 0.453115 1.21432 0.406352 1.26574 0.374914 1.32273 0.0141917 0.124128 0.337 5.35108e-34 0
3.11732 -0.561194 1.57 -1.527 0.561194 0.0141917 0.124128 0.512896 1.16855 0.454428 1.21541 0.408364 1.26739 0.37769 1.32489 0.0137478 0.122742 0.337 4.51093e-31 0
3.11732 -0.561194 1.57 -1.527 0.561194 0.0141917 0.124128 0.512896 1.16855 0.454428 1.21541 0.408364 1.26739 0.37769 1.32489 0.0137478 0.122742 0.335 4.51093e-31 0
3.11732 -0.561194 1.57 -1.527 0.561194 0.0141917 0.124128 0.512896 1.16855 0.454428 1.21541 0.408364 1.26739 0.37769 1.32489 0.0137478 0.122742 0.336 4.51093e-31 0
3.11732 -0.561194 1.57 -1.527 0.561194 0.0141917 0.124128 0.512896 1.16855 0.454428 1.21541 0.408364 1.26739 0.37769 1.32489 0.0137478 0.122742 0.338 4.51093e-31 0
3.11803 -0.554924 1.57 -1.527 0.554924 0.0137478 0.122742 0.513532 1.16908 0.455725 1.21648 0.410353 1.26902 0.380432 1.32702 0.0133176 0.12137 0.325 1.65201e-34 0
3.11803 -0.554924 1.57 -1.527 0.554924 0.0137478 0.122742 0.513532 1.16908 0.455725 1.21648 0.410353 1.26902 0.380432 1.32702 0.0133176 0.12137 0.336 1.65201e-34 0
3.11803 -0.554924 1.57 -1.527 0.554924 0.0137478 0.122742 0.513532 1.16908 0.455725 1.21648 0.410353 1.26902 0.380432 1.32702 0.0133176 0.12137 0.336 1.65201e-34 0
3.11803 -0.554924 1.57 -1.527 0.554924 0.0137478 0.122742 0.513532 1.16908 0.455725 1.21648 0.410353 1.26902 0.380432 1.32702 0.0133176 0.12137 0.339 1.65201e-34 0
3.11872 -0.54872 1.57 -1.527 0.54872 0.0133176 0.12137 0.514123 1.1696 0.457006 1.21753 0.41232 1.27061 0.383141 1.32911 0.0129009 0.120013 0.337 4.1926e-34 0
3.11872 -0.54872 1.57 -1.527 0.54872 0.0133176 0.12137 0.514123 1.1696 0.457006 1.21753 0.41232 1.27061 0.383141 1.32911 0.0129009 0.120013 0.325 4.1926e-34 0
3.11872 -0.54872 1.57 -1.527 0.54872 0.0133176 0.12137 0.514123 1.1696 0.457006 1.21753 0.41232 1.27061 0.383141 1.32911 0.0129009 0.120013 0.325 4.1926e-34 0
3.11872 -0.54872 1.57 -1.527 0.54872 0.0133176 0.12137 0.514123 1.1696 0.457006 1.21753 0.41232 1.27061 0.383141 1.32911 0.0129009 0.120013 0.319 4.1926e-34 0
3.11939 -0.542582 1.57 -1.527 0.542582 0.0129009 0.120013 0.514704 1.17011 0.458272 1.21857 0.414264 1.27218 0.385817 1.33116 0.0124973 0.118671 0.324 1.31708e-33 0
3.11939 -0.542582 1.57 -1.527 0.542582 0.0129009 0.120013 0.514704 1.17011 0.458272 1.21857 0.414264 1.27218 0.385817 1.33116 0.0124973 0.118671 0.323 1.31708e-33 0
3.11939 -0.542582 1.57 -1.527 0.542582 0.0129009 0.120013 0.514704 1.17011 0.458272 1.21857 0.414264 1.27218 0.385817 1.33116 0.0124973 0.118671 0.319 1.31708e-33 0
3.11939 -0.542582 1.57 -1.527 0.542582 0.0129009 0.120013 0.514704 1.17011 0.458272 1.21857 0.414264 1.27218 0.385817 1.33116 0.0124973 0.118671 0.322 1.31708e-33 0
3.12003 -0.53651 1.57 -1.527 0.53651 0.0124973 0.118671 0.515276 1.17061 0.459523 1.21958 0.416186 1.27372 0.38846 1.33318 0.0121058 0.117343 0.318 2.95592e-34 0
3.12003 -0.53651 1.57 -1.527 0.53651 0.0124973 0.118671 0.515276 1.17061 0.459523 1.21958 0.416186 1.27372 0.38846 1.33318 0.0121058 0.117343 0.325 2.95592e-34 0
3.12003 -0.53651 1.57 -1.527 0.53651 0.0124973 0.118671 0.515276 1.17061 0.459523 1.21958 0.416186 1.27372 0.38846 1.33318 0.0121058 0.117343 0.315 2.95592e-34 0
3.12003 -0.53651 1.57 -1.527 0.53651 0.0124973 0.118671 0.515276 1.17061 0.459523 1.21958 0.416186 1.27372 0.38846 1.33318 0.0121058 0.117343 0.318 2.95592e-34 0
3.12066 -0.530502 1.57 -1.527 0.530502 0.0121058 0.117343 0.515838 1.17109 0.460759 1.22058 0.418085 1.27524 0.39107 1.33516 0.0117271 0.116029 0.317 1.6752e-34 0
3.12066 -0.530502 1.57 -1.527 0.530502 0.0121058 0.117343 0.515838 1.17109 0.460759 1.22058 0.418085 1.27524 0.39107 1.33516 0.0117271 0.116029 0.326 1.6752e-34 0
3.12066 -0.530502 1.57 -1.527 0.530502 0.0121058 0.117343 0.515838 1.17109 0.460759 1.22058 0.418085 1.27524 0.39107 1.33516 0.0117271 0.116029 0.315 1.6752e-34 0
3.12066 -0.530502 1.57 -1.527 0.530502 0.0121058 0.117343 0.515838 1.17109 0.460759 1.22058 0.418085 1.27524 0.39107 1.33516 0.0117271 0.116029 0.317 1.6752e-34 0
3.12066 -0.530502 1.57 -1.527 0.530502 0.0121058 0.117343 0.515838 1.17109 0.460759 1.22058 0.418085 1.27524 0.39107 1.33516 0.0117271 0.116029 0.326 1.6752e-34 0
3.12126 -0.524557 1.57 -1.527 0.524557 0.0117271 0.116029 0.51639 1.17152 0.461978 1.22156 0.419963 1.27673 0.393647 1.33711 0.0113603 0.114729 0.327 2.89268e-34 0
3.12126 -0.524557 1.57 -1.527 0.524557 0.0117271 0.116029 0.51639 1.17152 0.461978 1.22156 0.419963 1.27673 0.393647 1.33711 0.0113603 0.114729 0.326 2.89268e-34 0
3.12126 -0.524557 1.57 -1.527 0.524557 0.0117271 0.116029 0.51639 1.17152 0.461978 1.22156 0.419963 1.27673 0.393647 1.33711 0.0113603 0.114729 0.328 2.89268e-34 0
3.12126 -0.524557 1.57 -1.527 0.524557 0.0117271 0.116029 0.51639 1.17152 0.461978 1.22156 0.419963 1.27673 0.393647 1.33711 0.0113603 0.114729 0.326 2.89268e-34 0
3.12185 -0.518676 1.57 -1.527 0.518676 0.0113603 0.114729 0.516933 1.17193 0.463156 1.22253 0.421818 1.2782 0.396193 1.33903 0.0110047 0.113442 0.325 6.83888e-35 0
3.12185 -0.518676 1.57 -1.527 0.518676 0.0113603 0.114729 0.516933 1.17193 0.463156 1.22253 0.421818 1.2782 0.396193 1.33903 0.0110047 0.113442 0.315 6.83888e-35 0
3.12185 -0.518676 1.57 -1.527 0.518676 0.0113603 0.114729 0.516933 1.17193 0.463156 1.22253 0.421818 1.2782 0.396193 1.33903 0.0110047 0.113442 0.316 6.83888e-35 0
3.12185 -0.518676 1.57 -1.527 0.518676 0.0113603 0.114729 0.516933 1.17193 0.463156 1.22253 0.421818 1.2782 0.396193 1.33903 0.0110047 0.113442 0.326 6.83888e-35 0
3.12242 -0.512857 1.57 -1.527 0.512857 0.0110047 0.113442 0.517467 1.17234 0.464289 1.22348 0.423653 1.27964 0.398708 1.34091 0.0106601 0.11217 0.325 9.58355e-35 0
3.12242 -0.512857 1.57 -1.527 0.512857 0.0110047 0.113442 0.517467 1.17234 0.464289 1.22348 0.423653 1.27964 0.398708 1.34091 0.0106601 0.11217 0.325 9.58355e-35 0
3.12242 -0.512857 1.57 -1.527 0.512857 0.0110047 0.113442 0.517467 1.17234 0.464289 1.22348 0.423653 1.27964 0.398708 1.34091 0.0106601 0.11217 0.324 9.58355e-35 0
3.12242 -0.512857 1.57 -1.527 0.512857 0.0110047 0.113442 0.517467 1.17234 0.464289 1.22348 0.423653 1.27964 0.398708 1.34091 0.0106601 0.11217 0.329 9.58355e-35 0
3.12297 -0.5071 1.57 -1.527 0.5071 0.0106601 0.11217 0.517992 1.17274 0.465389 1.22441 0.425465 1.28106 0.401191 1.34273 0.0103264 0.110911 0.326 2.19826e-35 0
3.12297 -0.5071 1.57 -1.527 0.5071 0.0106601 0.11217 0.517992 1.17274 0.465389 1.22441 0.425465 1.28106 0.401191 1.34273 0.0103264 0.110911 0.326 2.19826e-35 0
3.12297 -0.5071 1.57 -1.527 0.5071 0.0106601 0.11217 0.517992 1.17274 0.465389 1.22441 0.425465 1.28106 0.401191 1.34273 0.0103264 0.110911 0.327 2.19826e-35 0
3.12297 -0.5071 1.57 -1.527 0.5071 0.0106601 0.11217 0.517992 1.17274 0.465389 1.22441 0.425465 1.28106 0.401191 1.34273 0.0103264 0.110911 0.338 2.19826e-35 0
3.1235 -0.501404 1.57 -1.527 0.501404 0.0103264 0.11091 0.518509 1.17313 0.466475 1.22533 0.427256 1.28245 0.403643 1.3445 0.0100035 0.109665 0.328 1.68523e-35 0
3.1235 -0.501404 1.57 -1.527 0.501404 0.0103264 0.11091 0.518509 1.17313 0.466475 1.22533 0.427256 1.28245 0.403643 1.3445 0.0100035 0.109665 0.315 1.68523e-35 0
3.1235 -0.501404 1.57 -1.527 0.501404 0.0103264 0.11091 0.518509 1.17313 0.466475 1.22533 0.427256 1.28245 0.403643 1.3445 0.0100035 0.109665 0.325 1.68523e-35 0
3.1235 -0.501404 1.57 -1.527 0.501404 0.0103264 0.11091 0.518509 1.17313 0.466475 1.22533 0.427256 1.28245 0.403643 1.3445 0.0100035 0.109665 0.319 1.68523e-35 0
3.12402 -0.495768 1.57 -1.527 0.495768 0.0100035 0.109665 0.519017 1.17352 0.467548 1.22624 0.429026 1.28382 0.406064 1.34624 0.00969045 0.108432 0.326 5.62951e-35 0
3.12402 -0.495768 1.57 -1.527 0.495768 0.0100035 0.109665 0.519017 1.17352 0.467548 1.22624 0.429026 1.28382 0.406064 1.34624 0.00969045 0.108432 0.326 5.62951e-35 0
3.12402 -0.495768 1.57 -1.527 0.495768 0.0100035 0.109665 0.519017 1.17352 0.467548 1.22624 0.429026 1.28382 0.406064 1.34624 0.00969045 0.108432 0.327 5.62951e-35 0
3.12402 -0.495768 1.57 -1.527 0.495768 0.0100035 0.109665 0.519017 1.17352 0.467548 1.22624 0.429026 1.28382 0.406064 1.34624 0.00969045 0.108432 0.33 5.62951e-35 0
3.12452 -0.490192 1.57 -1.527 0.490192 0.00969045 0.108432 0.519516 1.1739 0.468609 1.22713 0.430776 1.28517 0.408456 1.34796 0.00938693 0.107212 0.327 3.80372e-31 0
3.12452 -0.490192 1.57 -1.527 0.490192 0.00969045 0.108432 0.519516 1.1739 0.468609 1.22713 0.430776 1.28517 0.408456 1.34796 0.00938693 0.107212 0.316 3.01883e-31 0
3.12452 -0.490192 1.57 -1.527 0.490192 0.00969045 0.108432 0.519516 1.1739 0.468609 1.22713 0.430776 1.28517 0.408456 1.34796 0.00938693 0.107212 0.326 5.21578e-33 0
3.12452 -0.490192 1.57 -1.527 0.490192 0.00969045 0.108432 0.519516 1.1739 0.468609 1.22713 0.430776 1.28517 0.408456 1.34796 0.00938693 0.107212 0.32 3.80372e-31 0
3.125 -0.484675 1.57 -1.527 0.484675 0.00938693 0.107212 0.520008 1.17428 0.469657 1.228 0.4325 1.2865 0.410817 1.34964 0.00909309 0.106006 0.324 3.83449e-35 0
3.125 -0.484675 1.57 -1.527 0.484675 0.00938693 0.107212 0.520008 1.17428 0.469657 1.228 0.4325 1.2865 0.410817 1.34964 0.00909309 0.106006 0.312 3.83449e-35 0
3.125 -0.484675 1.57 -1.527 0.484675 0.00938693 0.107212 0.520008 1.17428 0.469657 1.228 0.4325 1.2865 0.410817 1.34964 0.00909309 0.106006 0.325 3.83449e-35 0
3.125 -0.484675 1.57 -1.527 0.484675 0.00938693 0.107212 0.520008 1.17428 0.469657 1.228 0.4325 1.2865 0.410817 1.34964 0.00909309 0.106006 0.306 3.83449e-35 0
3.12547 -0.479216 1.57 -1.527 0.479216 0.00909309 0.106006 0.520492 1.17464 0.470693 1.22886 0.434181 1.28781 0.41315 1.3513 0.00880864 0.104812 0.306 1.05158e-33 0
3.12547 -0.479216 1.57 -1.527 0.479216 0.00909309 0.106006 0.520492 1.17464 0.470693 1.22886 0.434181 1.28781 0.41315 1.3513 0.00880864 0.104812 0.309 1.05158e-33 0
3.12547 -0.479216 1.57 -1.527 0.479216 0.00909309 0.106006 0.520492 1.17464 0.470693 1.22886 0.434181 1.28781 0.41315 1.3513 0.00880864 0.104812 0.304 1.05158e-33 0
3.12547 -0.479216 1.57 -1.527 0.479216 0.00909309 0.106006 0.520492 1.17464 0.470693 1.22886 0.434181 1.28781 0.41315 1.3513 0.00880864 0.104812 0.317 1.05158e-33 0
3.12592 -0.473813 1.57 -1.527 0.473813 0.00880864 0.104812 0.520968 1.17501 0.471716 1.22971 0.435818 1.28909 0.415453 1.35293 0.00853374 0.10363 0.307 5.88782e-35 0
3.12592 -0.473813 1.57 -1.527 0.473813 0.00880864 0.104812 0.520968 1.17501 0.471716 1.22971 0.435818 1.28909 0.415453 1.35293 0.00853374 0.10363 0.305 5.88782e-35 0
3.12592 -0.473813 1.57 -1.527 0.473813 0.00880864 0.104812 0.520968 1.17501 0.471716 1.22971 0.435818 1.28909 0.415453 1.35293 0.00853374 0.10363 0.304 5.88782e-35 0
3.12592 -0.473813 1.57 -1.527 0.473813 0.00880864 0.104812 0.520968 1.17501 0.471716 1.22971 0.435818 1.28909 0.415453 1.35293 0.00853374 0.10363 0.306 5.88782e-35 0
3.12636 -0.468469 1.57 -1.527 0.468469 0.00853373 0.10363 0.521437 1.17536 0.472727 1.23054 0.437416 1.29036 0.417727 1.35453 0.00826678 0.102461 0.314 3.55567e-35 0
3.12636 -0.468469 1.57 -1.527 0.468469 0.00853373 0.10363 0.521437 1.17536 0.472727 1.23054 0.437416 1.29036 0.417727 1.35453 0.00826678 0.102461 0.315 3.55567e-35 0
3.12636 -0.468469 1.57 -1.527 0.468469 0.00853373 0.10363 0.521437 1.17536 0.472727 1.23054 0.437416 1.29036 0.417727 1.35453 0.00826678 0.102461 0.305 3.55567e-35 0
3.12636 -0.468469 1.57 -1.527 0.468469 0.00853373 0.10363 0.521437 1.17536 0.472727 1.23054 0.437416 1.29036 0.417727 1.35453 0.00826678 0.102461 0.308 3.55567e-35 0
3.12679 -0.463183 1.57 -1.527 0.463183 0.00826678 0.102461 0.521898 1.17571 0.473726 1.23136 0.438993 1.2916 0.419972 1.35611 0.00800777 0.101305 0.307 1.12287e-33 0
3.12679 -0.463183 1.57 -1.527 0.463183 0.00826678 0.102461 0.521898 1.17571 0.473726 1.23136 0.438993 1.2916 0.419972 1.35611 0.00800777 0.101305 0.305 1.12287e-33 0
3.12679 -0.463183 1.57 -1.527 0.463183 0.00826678 0.102461 0.521898 1.17571 0.473726 1.23136 0.438993 1.2916 0.419972 1.35611 0.00800777 0.101305 0.306 1.12287e-33 0
3.12679 -0.463183 1.57 -1.527 0.463183 0.00826678 0.102461 0.521898 1.17571 0.473726 1.23136 0.438993 1.2916 0.419972 1.35611 0.00800777 0.101305 0.308 1.12287e-33 0
3.1272 -0.457951 1.57 -1.527 0.457951 0.00800777 0.101305 0.522353 1.17605 0.474714 1.23217 0.440552 1.29283 0.422184 1.35766 0.00775715 0.100161 0.306 9.01882e-37 0
3.1272 -0.457951 1.57 -1.527 0.457951 0.00800777 0.101305 0.522353 1.17605 0.474714 1.23217 0.440552 1.29283 0.422184 1.35766 0.00775715 0.100161 0.307 9.01882e-37 0
3.1272 -0.457951 1.57 -1.527 0.457951 0.00800777 0.101305 0.522353 1.17605 0.474714 1.23217 0.440552 1.29283 0.422184 1.35766 0.00775715 0.100161 0.305 9.01882e-37 0
3.1272 -0.457951 1.57 -1.527 0.457951 0.00800777 0.101305 0.522353 1.17605 0.474714 1.23217 0.440552 1.29283 0.422184 1.35766 0.00775715 0.100161 0.308 9.01882e-37 0
3.12761 -0.452775 1.57 -1.527 0.452775 0.00775715 0.100161 0.522801 1.17639 0.47569 1.23296 0.442093 1.29403 0.42435 1.35919 0.00751389 0.0990288 0.31 1.83331e-33 0
3.12761 -0.452775 1.57 -1.527 0.452775 0.00775715 0.100161 0.522801 1.17639 0.47569 1.23296 0.442093 1.29403 0.42435 1.35919 0.00751389 0.0990288 0.305 1.83331e-33 0
3.12761 -0.452775 1.57 -1.527 0.452775 0.00775715 0.100161 0.522801 1.17639 0.47569 1.23296 0.442093 1.29403 0.42435 1.35919 0.00751389 0.0990288 0.307 1.83331e-33 0
3.12761 -0.452775 1.57 -1.527 0.452775 0.00775715 0.100161 0.522801 1.17639 0.47569 1.23296 0.442093 1.29403 0.42435 1.35919 0.00751389 0.0990288 0.309 1.83331e-33 0
3.12799 -0.447655 1.57 -1.527 0.447655 0.00751389 0.0990288 0.523243 1.17673 0.476654 1.23374 0.443616 1.29519 0.426472 1.36069 0.00727801 0.097909 0.306 1.83318e-34 0
3.12799 -0.447655 1.57 -1.527 0.447655 0.00751389 0.0990288 0.523243 1.17673 0.476654 1.23374 0.443616 1.29519 0.426472 1.36069 0.00727801 0.097909 0.308 1.83318e-34 0
3.12799 -0.447655 1.57 -1.527 0.447655 0.00751389 0.0990288 0.523243 1.17673 0.476654 1.23374 0.443616 1.29519 0.426472 1.36069 0.00727801 0.097909 0.304 1.83318e-34 0
3.12799 -0.447655 1.57 -1.527 0.447655 0.00751389 0.0990288 0.523243 1.17673 0.476654 1.23374 0.443616 1.29519 0.426472 1.36069 0.00727801 0.097909 0.308 1.83318e-34 0
3.12837 -0.442589 1.57 -1.527 0.442589 0.00727801 0.097909 0.523678 1.17705 0.477608 1.23451 0.445122 1.29632 0.42855 1.36217 0.00704979 0.0968009 0.317 3.55186e-35 0
3.12837 -0.442589 1.57 -1.527 0.442589 0.00727801 0.097909 0.523678 1.17705 0.477608 1.23451 0.445122 1.29632 0.42855 1.36217 0.00704979 0.0968009 0.316 3.55186e-35 0
3.12837 -0.442589 1.57 -1.527 0.442589 0.00727801 0.097909 0.523678 1.17705 0.477608 1.23451 0.445122 1.29632 0.42855 1.36217 0.00704979 0.0968009 0.318 3.55186e-35 0
3.12837 -0.442589 1.57 -1.527 0.442589 0.00727801 0.097909 0.523678 1.17705 0.477608 1.23451 0.445122 1.29632 0.42855 1.36217 0.00704979 0.0968009 0.309 3.55186e-35 0
3.12874 -0.437577 1.57 -1.527 0.437577 0.00704979 0.0968009 0.524108 1.17738 0.47855 1.23527 0.446609 1.29742 0.430598 1.36362 0.00682836 0.0957046 0.316 2.03306e-35 0
3.12874 -0.437577 1.57 -1.527 0.437577 0.00704979 0.0968009 0.524108 1.17738 0.47855 1.23527 0.446609 1.29742 0.430598 1.36362 0.00682836 0.0957046 0.305 2.03306e-35 0
3.12874 -0.437577 1.57 -1.527 0.437577 0.00704979 0.0968009 0.524108 1.17738 0.47855 1.23527 0.446609 1.29742 0.430598 1.36362 0.00682836 0.0957046 0.314 2.03306e-35 0
3.12874 -0.437577 1.57 -1.527 0.437577 0.00704979 0.0968009 0.524108 1.17738 0.47855 1.23527 0.446609 1.29742 0.430598 1.36362 0.00682836 0.0957046 0.319 2.03306e-35 0
3.12909 -0.432617 1.57 -1.527 0.432617 0.00682836 0.0957046 0.524531 1.17769 0.479481 1.23602 0.44808 1.2985 0.432621 1.36505 0.00661431 0.0946198 0.326 1.16375e-35 0
3.12909 -0.432617 1.57 -1.527 0.432617 0.00682836 0.0957046 0.524531 1.17769 0.479481 1.23602 0.44808 1.2985 0.432621 1.36505 0.00661431 0.0946198 0.314 1.16375e-35 0
3.12909 -0.432617 1.57 -1.527 0.432617 0.00682836 0.0957046 0.524531 1.17769 0.479481 1.23602 0.44808 1.2985 0.432621 1.36505 0.00661431 0.0946198 0.324 1.16375e-35 0
3.12909 -0.432617 1.57 -1.527 0.432617 0.00682836 0.0957046 0.524531 1.17769 0.479481 1.23602 0.44808 1.2985 0.432621 1.36505 0.00661431 0.0946198 0.317 1.16375e-35 0
3.12943 -0.427708 1.57 -1.527 0.427708 0.00661431 0.0946198 0.524948 1.17801 0.480401 1.23675 0.449533 1.29956 0.434619 1.36646 0.00640762 0.0935463 0.325 1.46266e-35 0
3.12943 -0.427708 1.57 -1.527 0.427708 0.00661431 0.0946198 0.524948 1.17801 0.480401 1.23675 0.449533 1.29956 0.434619 1.36646 0.00640762 0.0935463 0.315 1.46266e-35 0
3.12943 -0.427708 1.57 -1.527 0.427708 0.00661431 0.0946198 0.524948 1.17801 0.480401 1.23675 0.449533 1.29956 0.434619 1.36646 0.00640762 0.0935463 0.324 1.46266e-35 0
3.12943 -0.427708 1.57 -1.527 0.427708 0.00661431 0.0946198 0.524948 1.17801 0.480401 1.23675 0.449533 1.29956 0.434619 1.36646 0.00640762 0.0935463 0.316 1.46266e-35 0
3.12976 -0.422853 1.57 -1.527 0.422853 0.00640762 0.0935463 0.525358 1.17831 0.481309 1.23747 0.450968 1.30061 0.436591 1.36784 0.00620657 0.0924844 0.314 6.31123e-35 0
3.12976 -0.422853 1.57 -1.527 0.422853 0.00640762 0.0935463 0.525358 1.17831 0.481309 1.23747 0.450968 1.30061 0.436591 1.36784 0.00620657 0.0924844 0.315 6.31123e-35 0
3.12976 -0.422853 1.57 -1.527 0.422853 0.00640762 0.0935463 0.525358 1.17831 0.481309 1.23747 0.450968 1.30061 0.436591 1.36784 0.00620657 0.0924844 0.315 6.31123e-35 0
3.12976 -0.422853 1.57 -1.527 0.422853 0.00640762 0.0935463 0.525358 1.17831 0.481309 1.23747 0.450968 1.30061 0.436591 1.36784 0.00620657 0.0924844 0.325 6.31123e-35 0
3.13008 -0.418049 1.57 -1.527 0.418049 0.00620657 0.0924844 0.525763 1.17861 0.482207 1.23818 0.452387 1.30165 0.43854 1.36921 0.00601203 0.0914337 0.316 2.49765e-34 0
3.13008 -0.418049 1.57 -1.527 0.418049 0.00620657 0.0924844 0.525763 1.17861 0.482207 1.23818 0.452387 1.30165 0.43854 1.36921 0.00601203 0.0914337 0.32 2.49765e-34 0
3.13008 -0.418049 1.57 -1.527 0.418049 0.00620657 0.0924844 0.525763 1.17861 0.482207 1.23818 0.452387 1.30165 0.43854 1.36921 0.00601203 0.0914337 0.323 2.49765e-34 0
3.13008 -0.418049 1.57 -1.527 0.418049 0.00620657 0.0924844 0.525763 1.17861 0.482207 1.23818 0.452387 1.30165 0.43854 1.36921 0.00601203 0.0914337 0.32 2.49765e-34 0
3.13039 -0.413295 1.57 -1.527 0.413295 0.00601203 0.0914337 0.526163 1.17891 0.483095 1.23888 0.453789 1.30266 0.440464 1.37055 0.00582413 0.0903939 0.325 1.65352e-34 0
3.13039 -0.413295 1.57 -1.527 0.413295 0.00601203 0.0914337 0.526163 1.17891 0.483095 1.23888 0.453789 1.30266 0.440464 1.37055 0.00582413 0.0903939 0.306 1.65352e-34 0
3.13039 -0.413295 1.57 -1.527 0.413295 0.00601203 0.0914337 0.526163 1.17891 0.483095 1.23888 0.453789 1.30266 0.440464 1.37055 0.00582413 0.0903939 0.306 1.65352e-34 0
3.13039 -0.413295 1.57 -1.527 0.413295 0.00601203 0.0914337 0.526163 1.17891 0.483095 1.23888 0.453789 1.30266 0.440464 1.37055 0.00582413 0.0903939 0.308 1.65352e-34 0
3.13069 -0.408593 1.57 -1.527 0.408593 0.00582413 0.0903939 0.526556 1.17921 0.483972 1.23957 0.455175 1.30366 0.442365 1.37187 0.00564144 0.0893654 0.318 3.05e-30 0
3.13069 -0.408593 1.57 -1.527 0.408593 0.00582413 0.0903939 0.526556 1.17921 0.483972 1.23957 0.455175 1.30366 0.442365 1.37187 0.00564144 0.0893654 0.307 3.05e-30 0
3.13069 -0.408593 1.57 -1.527 0.408593 0.00582413 0.0903939 0.526556 1.17921 0.483972 1.23957 0.455175 1.30366 0.442365 1.37187 0.00564144 0.0893654 0.306 3.05e-30 0
3.13069 -0.408593 1.57 -1.527 0.408593 0.00582413 0.0903939 0.526556 1.17921 0.483972 1.23957 0.455175 1.30366 0.442365 1.37187 0.00564144 0.0893654 0.309 3.05e-30 0
3.13099 -0.403939 1.57 -1.527 0.403939 0.00564144 0.0893654 0.526944 1.17949 0.484838 1.24025 0.456544 1.30464 0.444242 1.37317 0.00546453 0.0883476 0.317 2.20305e-34 0
3.13099 -0.403939 1.57 -1.527 0.403939 0.00564144 0.0893654 0.526944 1.17949 0.484838 1.24025 0.456544 1.30464 0.444242 1.37317 0.00546453 0.0883476 0.305 2.20305e-34 0
3.13099 -0.403939 1.57 -1.527 0.403939 0.00564144 0.0893654 0.526944 1.17949 0.484838 1.24025 0.456544 1.30464 0.444242 1.37317 0.00546453 0.0883476 0.305 2.20305e-34 0
3.13099 -0.403939 1.57 -1.527 0.403939 0.00564144 0.0893654 0.526944 1.17949 0.484838 1.24025 0.456544 1.30464 0.444242 1.37317 0.00546453 0.0883476 0.307 2.20305e-34 0
3.13127 -0.399335 1.57 -1.527 0.399335 0.00546453 0.0883476 0.527327 1.17978 0.485695 1.24091 0.457897 1.30561 0.446097 1.37445 0.0052934 0.0873406 0.308 3.74648e-31 0
3.13127 -0.399335 1.57 -1.527 0.399335 0.00546453 0.0883476 0.527327 1.17978 0.485695 1.24091 0.457897 1.30561 0.446097 1.37445 0.0052934 0.0873406 0.309 3.74648e-31 0
3.13127 -0.399335 1.57 -1.527 0.399335 0.00546453 0.0883476 0.527327 1.17978 0.485695 1.24091 0.457897 1.30561 0.446097 1.37445 0.0052934 0.0873406 0.307 3.74648e-31 0
3.13127 -0.399335 1.57 -1.527 0.399335 0.00546453 0.0883476 0.527327 1.17978 0.485695 1.24091 0.457897 1.30561 0.446097 1.37445 0.0052934 0.0873406 0.311 3.74648e-31 0
3.13154 -0.394781 1.57 -1.527 0.394781 0.0052934 0.0873406 0.527705 1.18006 0.486542 1.24157 0.459235 1.30657 0.447928 1.37571 0.00512762 0.0863445 0.306 1.18179e-33 0
3.13154 -0.394781 1.57 -1.527 0.394781 0.0052934 0.0873406 0.527705 1.18006 0.486542 1.24157 0.459235 1.30657 0.447928 1.37571 0.00512762 0.0863445 0.306 1.18179e-33 0
3.13154 -0.394781 1.57 -1.527 0.394781 0.0052934 0.0873406 0.527705 1.18006 0.486542 1.24157 0.459235 1.30657 0.447928 1.37571 0.00512762 0.0863445 0.315 1.18179e-33 0
3.13154 -0.394781 1.57 -1.527 0.394781 0.0052934 0.0873406 0.527705 1.18006 0.486542 1.24157 0.459235 1.30657 0.447928 1.37571 0.00512762 0.0863445 0.309 1.18179e-33 0
3.13181 -0.390275 1.57 -1.527 0.390275 0.00512762 0.0863445 0.528077 1.18033 0.487378 1.24222 0.460556 1.30751 0.449737 1.37694 0.00496747 0.0853589 0.318 4.1517e-34 0
3.13181 -0.390275 1.57 -1.527 0.390275 0.00512762 0.0863445 0.528077 1.18033 0.487378 1.24222 0.460556 1.30751 0.449737 1.37694 0.00496747 0.0853589 0.308 4.1517e-34 0
3.13181 -0.390275 1.57 -1.527 0.390275 0.00512762 0.0863445 0.528077 1.18033 0.487378 1.24222 0.460556 1.30751 0.449737 1.37694 0.00496747 0.0853589 0.306 4.1517e-34 0
3.13181 -0.390275 1.57 -1.527 0.390275 0.00512762 0.0863445 0.528077 1.18033 0.487378 1.24222 0.460556 1.30751 0.449737 1.37694 0.00496747 0.0853589 0.309 4.1517e-34 0
3.13206 -0.385816 1.57 -1.527 0.385816 0.00496747 0.0853589 0.528433 1.1806 0.488204 1.24283 0.461862 1.30843 0.451523 1.37816 0.00481195 0.0843838 0.316 8.52993e-34 0
3.13206 -0.385816 1.57 -1.527 0.385816 0.00496747 0.0853589 0.528433 1.1806 0.488204 1.24283 0.461862 1.30843 0.451523 1.37816 0.00481195 0.0843838 0.306 8.52993e-34 0
3.13206 -0.385816 1.57 -1.527 0.385816 0.00496747 0.0853589 0.528433 1.1806 0.488204 1.24283 0.461862 1.30843 0.451523 1.37816 0.00481195 0.0843838 0.316 8.52993e-34 0
3.13206 -0.385816 1.57 -1.527 0.385816 0.00496747 0.0853589 0.528433 1.1806 0.488204 1.24283 0.461862 1.30843 0.451523 1.37816 0.00481195 0.0843838 0.317 8.52993e-34 0
3.13231 -0.381405 1.57 -1.527 0.381405 0.00481195 0.0843838 0.52877 1.18087 0.489021 1.24342 0.463152 1.30934 0.453287 1.37936 0.00466192 0.083419 0.326 5.17535e-34 0
3.13231 -0.381405 1.57 -1.527 0.381405 0.00481195 0.0843838 0.52877 1.18087 0.489021 1.24342 0.463152 1.30934 0.453287 1.37936 0.00466192 0.083419 0.328 5.17535e-34 0
3.13231 -0.381405 1.57 -1.527 0.381405 0.00481195 0.0843838 0.52877 1.18087 0.489021 1.24342 0.463152 1.30934 0.453287 1.37936 0.00466192 0.083419 0.324 5.17535e-34 0
3.13231 -0.381405 1.57 -1.527 0.381405 0.00481195 0.0843838 0.52877 1.18087 0.489021 1.24342 0.463152 1.30934 0.453287 1.37936 0.00466192 0.083419 0.327 5.17535e-34 0
3.13255 -0.377041 1.57 -1.527 0.377041 0.00466192 0.083419 0.529083 1.18113 0.489828 1.24399 0.464427 1.31023 0.455029 1.38054 0.00451623 0.0824645 0.327 1.11e-31 0
3.13255 -0.377041 1.57 -1.527 0.377041 0.00466192 0.083419 0.529083 1.18113 0.489828 1.24399 0.464427 1.31023 0.455029 1.38054 0.00451623 0.0824645 0.325 1.11e-31 0
3.13255 -0.377041 1.57 -1.527 0.377041 0.00466192 0.083419 0.529083 1.18113 0.489828 1.24399 0.464427 1.31023 0.455029 1.38054 0.00451623 0.0824645 0.326 1.11e-31 0
3.13255 -0.377041 1.57 -1.527 0.377041 0.00466192 0.083419 0.529083 1.18113 0.489828 1.24399 0.464427 1.31023 0.455029 1.38054 0.00451623 0.0824645 0.333 1.11e-31 0
3.13278 -0.372724 1.57 -1.527 0.372724 0.00451623 0.0824645 0.529385 1.18139 0.490625 1.24456 0.465686 1.31111 0.45675 1.38171 0.00437531 0.0815202 0.328 3.11636e-31 0
3.13278 -0.372724 1.57 -1.527 0.372724 0.00451623 0.0824645 0.529385 1.18139 0.490625 1.24456 0.465686 1.31111 0.45675 1.38171 0.00437531 0.0815202 0.325 3.11636e-31 0
3.13278 -0.372724 1.57 -1.527 0.372724 0.00451623 0.0824645 0.529385 1.18139 0.490625 1.24456 0.465686 1.31111 0.45675 1.38171 0.00437531 0.0815202 0.325 3.11636e-31 0
3.13278 -0.372724 1.57 -1.527 0.372724 0.00451623 0.0824645 0.529385 1.18139 0.490625 1.24456 0.465686 1.31111 0.45675 1.38171 0.00437531 0.0815202 0.317 3.11636e-31 0
3.13301 -0.368452 1.57 -1.527 0.368452 0.00437531 0.0815202 0.529682 1.18165 0.491413 1.24512 0.466931 1.31198 0.458449 1.38285 0.00423887 0.080586 0.331 1.04326e-30 0
3.13301 -0.368452 1.57 -1.527 0.368452 0.00437531 0.0815202 0.529682 1.18165 0.491413 1.24512 0.466931 1.31198 0.458449 1.38285 0.00423887 0.080586 0.331 1.04326e-30 0
3.13301 -0.368452 1.57 -1.527 0.368452 0.00437531 0.0815202 0.529682 1.18165 0.491413 1.24512 0.466931 1.31198 0.458449 1.38285 0.00423887 0.080586 0.331 1.04326e-30 0
3.13301 -0.368452 1.57 -1.527 0.368452 0.00437531 0.0815202 0.529682 1.18165 0.491413 1.24512 0.466931 1.31198 0.458449 1.38285 0.00423887 0.080586 0.322 1.04326e-30 0
3.13323 -0.364227 1.57 -1.527 0.364227 0.00423887 0.080586 0.529975 1.1819 0.492192 1.24567 0.468161 1.31284 0.460128 1.38398 0.00410618 0.0796619 0.317 1.33392e-35 0
3.13323 -0.364227 1.57 -1.527 0.364227 0.00423887 0.080586 0.529975 1.1819 0.492192 1.24567 0.468161 1.31284 0.460128 1.38398 0.00410618 0.0796619 0.324 1.33392e-35 0
3.13323 -0.364227 1.57 -1.527 0.364227 0.00423887 0.080586 0.529975 1.1819 0.492192 1.24567 0.468161 1.31284 0.460128 1.38398 0.00410618 0.0796619 0.314 1.33392e-35 0
3.13323 -0.364227 1.57 -1.527 0.364227 0.00423887 0.080586 0.529975 1.1819 0.492192 1.24567 0.468161 1.31284 0.460128 1.38398 0.00410618 0.0796619 0.317 1.33392e-35 0
3.13323 -0.364227 1.57 -1.527 0.364227 0.00423887 0.080586 0.529975 1.1819 0.492192 1.24567 0.468161 1.31284 0.460128 1.38398 0.00410618 0.0796619 0.328 1.33392e-35 0
3.13344 -0.360048 1.57 -1.527 0.360048 0.00410618 0.0796619 0.530264 1.18215 0.492956 1.24621 0.469377 1.31368 0.461786 1.38509 0.00397726 0.078748 0.325 3.68182e-35 0
3.13344 -0.360048 1.57 -1.527 0.360048 0.00410618 0.0796619 0.530264 1.18215 0.492956 1.24621 0.469377 1.31368 0.461786 1.38509 0.00397726 0.078748 0.33 3.68182e-35 0
3.13344 -0.360048 1.57 -1.527 0.360048 0.00410618 0.0796619 0.530264 1.18215 0.492956 1.24621 0.469377 1.31368 0.461786 1.38509 0.00397726 0.078748 0.326 3.68182e-35 0
3.13344 -0.360048 1.57 -1.527 0.360048 0.00410618 0.0796619 0.530264 1.18215 0.492956 1.24621 0.469377 1.31368 0.461786 1.38509 0.00397726 0.078748 0.337 3.68182e-35 0
3.13365 -0.355915 1.57 -1.527 0.355915 0.00397726 0.078748 0.530549 1.18239 0.493699 1.24674 0.470579 1.31451 0.463424 1.38618 0.00385253 0.0778439 0.326 2.67247e-35 0
3.13365 -0.355915 1.57 -1.527 0.355915 0.00397726 0.078748 0.530549 1.18239 0.493699 1.24674 0.470579 1.31451 0.463424 1.38618 0.00385253 0.0778439 0.326 2.67247e-35 0
3.13365 -0.355915 1.57 -1.527 0.355915 0.00397726 0.078748 0.530549 1.18239 0.493699 1.24674 0.470579 1.31451 0.463424 1.38618 0.00385253 0.0778439 0.325 2.67247e-35 0
3.13365 -0.355915 1.57 -1.527 0.355915 0.00397726 0.078748 0.530549 1.18239 0.493699 1.24674 0.470579 1.31451 0.463424 1.38618 0.00385253 0.0778439 0.329 2.67247e-35 0
3.13384 -0.351824 1.57 -1.527 0.351824 0.00385253 0.0778439 0.53083 1.18263 0.49442 1.24726 0.471766 1.31532 0.465041 1.38726 0.00373198 0.0769493 0.327 2.58874e-34 0
3.13384 -0.351824 1.57 -1.527 0.351824 0.00385253 0.0778439 0.53083 1.18263 0.49442 1.24726 0.471766 1.31532 0.465041 1.38726 0.00373198 0.0769493 0.326 2.58874e-34 0
3.13384 -0.351824 1.57 -1.527 0.351824 0.00385253 0.0778439 0.53083 1.18263 0.49442 1.24726 0.471766 1.31532 0.465041 1.38726 0.00373198 0.0769493 0.325 2.58874e-34 0
3.13384 -0.351824 1.57 -1.527 0.351824 0.00385253 0.0778439 0.53083 1.18263 0.49442 1.24726 0.471766 1.31532 0.465041 1.38726 0.00373198 0.0769493 0.339 2.58874e-34 0
3.13404 -0.347777 1.57 -1.527 0.347777 0.00373198 0.0769493 0.531107 1.18287 0.495119 1.24778 0.47294 1.31613 0.466639 1.38832 0.00361534 0.0760641 0.325 1.56273e-34 0
3.13404 -0.347777 1.57 -1.527 0.347777 0.00373198 0.0769493 0.531107 1.18287 0.495119 1.24778 0.47294 1.31613 0.466639 1.38832 0.00361534 0.0760641 0.334 1.56273e-34 0
3.13404 -0.347777 1.57 -1.527 0.347777 0.00373198 0.0769493 0.531107 1.18287 0.495119 1.24778 0.47294 1.31613 0.466639 1.38832 0.00361534 0.0760641 0.324 1.56273e-34 0
3.13404 -0.347777 1.57 -1.527 0.347777 0.00373198 0.0769493 0.531107 1.18287 0.495119 1.24778 0.47294 1.31613 0.466639 1.38832 0.00361534 0.0760641 0.337 1.56273e-34 0
3.13422 -0.343776 1.57 -1.527 0.343776 0.00361534 0.0760641 0.531381 1.1831 0.495804 1.24829 0.474099 1.31692 0.468217 1.38936 0.00350174 0.0751889 0.336 1.33113e-34 0
3.13422 -0.343776 1.57 -1.527 0.343776 0.00361534 0.0760641 0.531381 1.1831 0.495804 1.24829 0.474099 1.31692 0.468217 1.38936 0.00350174 0.0751889 0.334 1.33113e-34 0
3.13422 -0.343776 1.57 -1.527 0.343776 0.00361534 0.0760641 0.531381 1.1831 0.495804 1.24829 0.474099 1.31692 0.468217 1.38936 0.00350174 0.0751889 0.323 1.33113e-34 0
3.13422 -0.343776 1.57 -1.527 0.343776 0.00361534 0.0760641 0.531381 1.1831 0.495804 1.24829 0.474099 1.31692 0.468217 1.38936 0.00350174 0.0751889 0.328 1.33113e-34 0
3.13441 -0.339817 1.57 -1.527 0.339817 0.00350174 0.0751889 0.531651 1.18331 0.496482 1.24879 0.475245 1.3177 0.469776 1.39039 0.0033916 0.0743231 0.334 2.43824e-34 0
3.13441 -0.339817 1.57 -1.527 0.339817 0.00350174 0.0751889 0.531651 1.18331 0.496482 1.24879 0.475245 1.3177 0.469776 1.39039 0.0033916 0.0743231 0.333 2.43824e-34 0
3.13441 -0.339817 1.57 -1.527 0.339817 0.00350174 0.0751889 0.531651 1.18331 0.496482 1.24879 0.475245 1.3177 0.469776 1.39039 0.0033916 0.0743231 0.333 2.43824e-34 0
3.13441 -0.339817 1.57 -1.527 0.339817 0.00350174 0.0751889 0.531651 1.18331 0.496482 1.24879 0.475245 1.3177 0.469776 1.39039 0.0033916 0.0743231 0.317 2.43824e-34 0
3.13441 -0.339817 1.57 -1.527 0.339817 0.00350174 0.0751889 0.531651 1.18331 0.496482 1.24879 0.475245 1.3177 0.469776 1.39039 0.0033916 0.0743231 0.315 2.43824e-34 0
3.13458 -0.3359 1.57 -1.527 0.3359 0.0033916 0.0743231 0.531918 1.1835 0.497152 1.24928 0.476377 1.31846 0.471316 1.3914 0.00328522 0.0734665 0.326 1.35262e-34 0
3.13458 -0.3359 1.57 -1.527 0.3359 0.0033916 0.0743231 0.531918 1.1835 0.497152 1.24928 0.476377 1.31846 0.471316 1.3914 0.00328522 0.0734665 0.324 1.35262e-34 0
3.13458 -0.3359 1.57 -1.527 0.3359 0.0033916 0.0743231 0.531918 1.1835 0.497152 1.24928 0.476377 1.31846 0.471316 1.3914 0.00328522 0.0734665 0.325 1.35262e-34 0
3.13458 -0.3359 1.57 -1.527 0.3359 0.0033916 0.0743231 0.531918 1.1835 0.497152 1.24928 0.476377 1.31846 0.471316 1.3914 0.00328522 0.0734665 0.342 1.35262e-34 0
3.13475 -0.332027 1.57 -1.527 0.332027 0.00328522 0.0734665 0.532181 1.18368 0.497814 1.24977 0.477496 1.31922 0.472836 1.39239 0.00318203 0.0726194 0.327 1.47001e-34 0
3.13475 -0.332027 1.57 -1.527 0.332027 0.00328522 0.0734665 0.532181 1.18368 0.497814 1.24977 0.477496 1.31922 0.472836 1.39239 0.00318203 0.0726194 0.327 1.47001e-34 0
3.13475 -0.332027 1.57 -1.527 0.332027 0.00328522 0.0734665 0.532181 1.18368 0.497814 1.24977 0.477496 1.31922 0.472836 1.39239 0.00318203 0.0726194 0.326 1.47001e-34 0
3.13475 -0.332027 1.57 -1.527 0.332027 0.00328522 0.0734665 0.532181 1.18368 0.497814 1.24977 0.477496 1.31922 0.472836 1.39239 0.00318203 0.0726194 0.319 1.47001e-34 0
3.13492 -0.328195 1.57 -1.527 0.328195 0.00318203 0.0726193 0.53244 1.18386 0.498468 1.25024 0.478601 1.31996 0.474338 1.39337 0.00308244 0.0717813 0.326 1.60896e-34 0
3.13492 -0.328195 1.57 -1.527 0.328195 0.00318203 0.0726193 0.53244 1.18386 0.498468 1.25024 0.478601 1.31996 0.474338 1.39337 0.00308244 0.0717813 0.314 1.60896e-34 0
3.13492 -0.328195 1.57 -1.527 0.328195 0.00318203 0.0726193 0.53244 1.18386 0.498468 1.25024 0.478601 1.31996 0.474338 1.39337 0.00308244 0.0717813 0.324 1.60896e-34 0
3.13492 -0.328195 1.57 -1.527 0.328195 0.00318203 0.0726193 0.53244 1.18386 0.498468 1.25024 0.478601 1.31996 0.474338 1.39337 0.00308244 0.0717813 0.317 1.60896e-34 0
3.13507 -0.324406 1.57 -1.527 0.324406 0.00308244 0.0717813 0.532697 1.18404 0.499115 1.25072 0.479694 1.3207 0.475821 1.39434 0.00298575 0.0709524 0.328 3.73104e-31 0
3.13507 -0.324406 1.57 -1.527 0.324406 0.00308244 0.0717813 0.532697 1.18404 0.499115 1.25072 0.479694 1.3207 0.475821 1.39434 0.00298575 0.0709524 0.326 3.73104e-31 0
3.13507 -0.324406 1.57 -1.527 0.324406 0.00308244 0.0717813 0.532697 1.18404 0.499115 1.25072 0.479694 1.3207 0.475821 1.39434 0.00298575 0.0709524 0.327 3.73104e-31 0
3.13507 -0.324406 1.57 -1.527 0.324406 0.00308244 0.0717813 0.532697 1.18404 0.499115 1.25072 0.479694 1.3207 0.475821 1.39434 0.00298575 0.0709524 0.331 3.73104e-31 0
3.13523 -0.320656 1.57 -1.527 0.320656 0.00298575 0.0709524 0.532949 1.18421 0.499753 1.25118 0.480773 1.32142 0.477286 1.39529 0.00289267 0.0701323 0.332 8.8651e-35 0
3.13523 -0.320656 1.57 -1.527 0.320656 0.00298575 0.0709524 0.532949 1.18421 0.499753 1.25118 0.480773 1.32142 0.477286 1.39529 0.00289267 0.0701323 0.327 8.8651e-35 0
3.13523 -0.320656 1.57 -1.527 0.320656 0.00298575 0.0709524 0.532949 1.18421 0.499753 1.25118 0.480773 1.32142 0.477286 1.39529 0.00289267 0.0701323 0.325 8.8651e-35 0
3.13523 -0.320656 1.57 -1.527 0.320656 0.00298575 0.0709524 0.532949 1.18421 0.499753 1.25118 0.480773 1.32142 0.477286 1.39529 0.00289267 0.0701323 0.317 8.8651e-35 0
3.13523 -0.320656 1.57 -1.527 0.320656 0.00298575 0.0709524 0.532949 1.18421 0.499753 1.25118 0.480773 1.32142 0.477286 1.39529 0.00289267 0.0701323 0.34 8.8651e-35 0
3.13538 -0.316949 1.57 -1.527 0.316949 0.00289267 0.0701323 0.533199 1.18439 0.500385 1.25164 0.481836 1.32213 0.478733 1.39623 0.0028019 0.0693215 0.33 2.65129e-35 0
3.13538 -0.316949 1.57 -1.527 0.316949 0.00289267 0.0701323 0.533199 1.18439 0.500385 1.25164 0.481836 1.32213 0.478733 1.39623 0.0028019 0.0693215 0.329 2.65129e-35 0
3.13538 -0.316949 1.57 -1.527 0.316949 0.00289267 0.0701323 0.533199 1.18439 0.500385 1.25164 0.481836 1.32213 0.478733 1.39623 0.0028019 0.0693215 0.329 2.65129e-35 0
3.13538 -0.316949 1.57 -1.527 0.316949 0.00289267 0.0701323 0.533199 1.18439 0.500385 1.25164 0.481836 1.32213 0.478733 1.39623 0.0028019 0.0693215 0.331 2.65129e-35 0
3.13552 -0.313281 1.57 -1.527 0.313281 0.0028019 0.0693215 0.533445 1.18456 0.501009 1.25209 0.482878 1.32283 0.480161 1.39715 0.00271445 0.0685193 0.319 1.30313e-34 0
3.13552 -0.313281 1.57 -1.527 0.313281 0.0028019 0.0693215 0.533445 1.18456 0.501009 1.25209 0.482878 1.32283 0.480161 1.39715 0.00271445 0.0685193 0.327 1.30313e-34 0
3.13552 -0.313281 1.57 -1.527 0.313281 0.0028019 0.0693215 0.533445 1.18456 0.501009 1.25209 0.482878 1.32283 0.480161 1.39715 0.00271445 0.0685193 0.319 1.30313e-34 0
3.13552 -0.313281 1.57 -1.527 0.313281 0.0028019 0.0693215 0.533445 1.18456 0.501009 1.25209 0.482878 1.32283 0.480161 1.39715 0.00271445 0.0685193 0.329 1.30313e-34 0
3.13566 -0.309654 1.57 -1.527 0.309654 0.00271445 0.0685193 0.533688 1.18472 0.501625 1.25253 0.483898 1.32352 0.481572 1.39806 0.00262961 0.067726 0.328 1.18295e-38 0
3.13566 -0.309654 1.57 -1.527 0.309654 0.00271445 0.0685193 0.533688 1.18472 0.501625 1.25253 0.483898 1.32352 0.481572 1.39806 0.00262961 0.067726 0.326 1.18295e-38 0
3.13566 -0.309654 1.57 -1.527 0.309654 0.00271445 0.0685193 0.533688 1.18472 0.501625 1.25253 0.483898 1.32352 0.481572 1.39806 0.00262961 0.067726 0.317 1.18295e-38 0
3.13566 -0.309654 1.57 -1.527 0.309654 0.00271445 0.0685193 0.533688 1.18472 0.501625 1.25253 0.483898 1.32352 0.481572 1.39806 0.00262961 0.067726 0.32 1.18295e-38 0
3.1358 -0.306067 1.57 -1.527 0.306067 0.00262961 0.067726 0.533927 1.18489 0.502235 1.25297 0.484897 1.3242 0.482966 1.39895 0.00254708 0.0669415 0.31 9.06382e-35 0
3.1358 -0.306067 1.57 -1.527 0.306067 0.00262961 0.067726 0.533927 1.18489 0.502235 1.25297 0.484897 1.3242 0.482966 1.39895 0.00254708 0.0669415 0.319 9.06382e-35 0
3.1358 -0.306067 1.57 -1.527 0.306067 0.00262961 0.067726 0.533927 1.18489 0.502235 1.25297 0.484897 1.3242 0.482966 1.39895 0.00254708 0.0669415 0.312 9.06382e-35 0
3.1358 -0.306067 1.57 -1.527 0.306067 0.00262961 0.067726 0.533927 1.18489 0.502235 1.25297 0.484897 1.3242 0.482966 1.39895 0.00254708 0.0669415 0.349 9.06382e-35 0
3.13593 -0.302519 1.57 -1.527 0.302519 0.00254708 0.0669415 0.534164 1.18505 0.502837 1.2534 0.485876 1.32487 0.484342 1.39983 0.00246759 0.0661655 0.31 1.09048e-34 0
3.13593 -0.302519 1.57 -1.527 0.302519 0.00254708 0.0669415 0.534164 1.18505 0.502837 1.2534 0.485876 1.32487 0.484342 1.39983 0.00246759 0.0661655 0.318 1.09048e-34 0
3.13593 -0.302519 1.57 -1.527 0.302519 0.00254708 0.0669415 0.534164 1.18505 0.502837 1.2534 0.485876 1.32487 0.484342 1.39983 0.00246759 0.0661655 0.307 1.09048e-34 0
3.13593 -0.302519 1.57 -1.527 0.302519 0.00254708 0.0669415 0.534164 1.18505 0.502837 1.2534 0.485876 1.32487 0.484342 1.39983 0.00246759 0.0661655 0.309 1.09048e-34 0
3.13593 -0.302519 1.57 -1.527 0.302519 0.00254708 0.0669415 0.534164 1.18505 0.502837 1.2534 0.485876 1.32487 0.484342 1.39983 0.00246759 0.0661655 0.321 1.09048e-34 0
3.13606 -0.299011 1.57 -1.527 0.299011 0.00246759 0.0661655 0.534398 1.18521 0.503433 1.25382 0.486839 1.32552 0.485701 1.4007 0.00239026 0.0653982 0.311 4.57612e-31 0
3.13606 -0.299011 1.57 -1.527 0.299011 0.00246759 0.0661655 0.534398 1.18521 0.503433 1.25382 0.486839 1.32552 0.485701 1.4007 0.00239026 0.0653982 0.309 3.63821e-31 0
3.13606 -0.299011 1.57 -1.527 0.299011 0.00246759 0.0661655 0.534398 1.18521 0.503433 1.25382 0.486839 1.32552 0.485701 1.4007 0.00239026 0.0653982 0.32 5.44954e-33 0
3.13606 -0.299011 1.57 -1.527 0.299011 0.00246759 0.0661655 0.534398 1.18521 0.503433 1.25382 0.486839 1.32552 0.485701 1.4007 0.00239026 0.0653982 0.321 4.57612e-31 0
3.13618 -0.295543 1.57 -1.527 0.295543 0.00239026 0.0653982 0.534629 1.18537 0.504021 1.25424 0.48779 1.32617 0.487044 1.40155 0.00231481 0.0646396 0.319 4.49929e-31 0
3.13618 -0.295543 1.57 -1.527 0.295543 0.00239026 0.0653982 0.534629 1.18537 0.504021 1.25424 0.48779 1.32617 0.487044 1.40155 0.00231481 0.0646396 0.31 4.49929e-31 0
3.13618 -0.295543 1.57 -1.527 0.295543 0.00239026 0.0653982 0.534629 1.18537 0.504021 1.25424 0.48779 1.32617 0.487044 1.40155 0.00231481 0.0646396 0.309 4.49929e-31 0
3.13618 -0.295543 1.57 -1.527 0.295543 0.00239026 0.0653982 0.534629 1.18537 0.504021 1.25424 0.48779 1.32617 0.487044 1.40155 0.00231481 0.0646396 0.314 4.49929e-31 0
3.1363 -0.292113 1.57 -1.527 0.292113 0.00231481 0.0646396 0.534857 1.18553 0.504603 1.25465 0.488731 1.32681 0.48837 1.4024 0.00224153 0.0638895 0.32 7.00717e-35 0
3.1363 -0.292113 1.57 -1.527 0.292113 0.00231481 0.0646396 0.534857 1.18553 0.504603 1.25465 0.488731 1.32681 0.48837 1.4024 0.00224153 0.0638895 0.309 7.00717e-35 0
3.1363 -0.292113 1.57 -1.527 0.292113 0.00231481 0.0646396 0.534857 1.18553 0.504603 1.25465 0.488731 1.32681 0.48837 1.4024 0.00224153 0.0638895 0.309 7.00717e-35 0
3.1363 -0.292113 1.57 -1.527 0.292113 0.00231481 0.0646396 0.534857 1.18553 0.504603 1.25465 0.488731 1.32681 0.48837 1.4024 0.00224153 0.0638895 0.312 7.00717e-35 0
3.13642 -0.288719 1.57 -1.527 0.288719 0.00224153 0.0638895 0.535083 1.18568 0.505178 1.25506 0.48966 1.32744 0.48968 1.40323 0.00217158 0.0631473 0.321 1.43619e-34 0
3.13642 -0.288719 1.57 -1.527 0.288719 0.00224153 0.0638895 0.535083 1.18568 0.505178 1.25506 0.48966 1.32744 0.48968 1.40323 0.00217158 0.0631473 0.309 1.43619e-34 0
3.13642 -0.288719 1.57 -1.527 0.288719 0.00224153 0.0638895 0.535083 1.18568 0.505178 1.25506 0.48966 1.32744 0.48968 1.40323 0.00217158 0.0631473 0.309 1.43619e-34 0
3.13642 -0.288719 1.57 -1.527 0.288719 0.00224153 0.0638895 0.535083 1.18568 0.505178 1.25506 0.48966 1.32744 0.48968 1.40323 0.00217158 0.0631473 0.311 1.43619e-34 0
3.13653 -0.285365 1.57 -1.527 0.285365 0.00217158 0.0631473 0.535305 1.18583 0.505746 1.25546 0.490578 1.32806 0.490973 1.40404 0.00210336 0.0624136 0.322 4.84778e-36 0
3.13653 -0.285365 1.57 -1.527 0.285365 0.00217158 0.0631473 0.535305 1.18583 0.505746 1.25546 0.490578 1.32806 0.490973 1.40404 0.00210336 0.0624136 0.313 4.84778e-36 0
3.13653 -0.285365 1.57 -1.527 0.285365 0.00217158 0.0631473 0.535305 1.18583 0.505746 1.25546 0.490578 1.32806 0.490973 1.40404 0.00210336 0.0624136 0.312 4.84778e-36 0
3.13653 -0.285365 1.57 -1.527 0.285365 0.00217158 0.0631473 0.535305 1.18583 0.505746 1.25546 0.490578 1.32806 0.490973 1.40404 0.00210336 0.0624136 0.316 4.84778e-36 0
3.13664 -0.282047 1.57 -1.527 0.282047 0.00210336 0.0624136 0.535525 1.18598 0.506307 1.25585 0.491484 1.32867 0.49225 1.40482 0.00203774 0.061688 0.327 8.47782e-35 0
3.13664 -0.282047 1.57 -1.527 0.282047 0.00210336 0.0624136 0.535525 1.18598 0.506307 1.25585 0.491484 1.32867 0.49225 1.40482 0.00203774 0.061688 0.315 8.47782e-35 0
3.13664 -0.282047 1.57 -1.527 0.282047 0.00210336 0.0624136 0.535525 1.18598 0.506307 1.25585 0.491484 1.32867 0.49225 1.40482 0.00203774 0.061688 0.31 8.47782e-35 0
3.13664 -0.282047 1.57 -1.527 0.282047 0.00210336 0.0624136 0.535525 1.18598 0.506307 1.25585 0.491484 1.32867 0.49225 1.40482 0.00203774 0.061688 0.311 8.47782e-35 0
3.13674 -0.278767 1.57 -1.527 0.278767 0.00203774 0.061688 0.535741 1.18613 0.506862 1.25624 0.49238 1.32928 0.493511 1.40559 0.001974 0.0609706 0.321 1.61204e-34 0
3.13674 -0.278767 1.57 -1.527 0.278767 0.00203774 0.061688 0.535741 1.18613 0.506862 1.25624 0.49238 1.32928 0.493511 1.40559 0.001974 0.0609706 0.31 1.61204e-34 0
3.13674 -0.278767 1.57 -1.527 0.278767 0.00203774 0.061688 0.535741 1.18613 0.506862 1.25624 0.49238 1.32928 0.493511 1.40559 0.001974 0.0609706 0.318 1.61204e-34 0
3.13674 -0.278767 1.57 -1.527 0.278767 0.00203774 0.061688 0.535741 1.18613 0.506862 1.25624 0.49238 1.32928 0.493511 1.40559 0.001974 0.0609706 0.315 1.61204e-34 0
3.13685 -0.275524 1.57 -1.527 0.275524 0.001974 0.0609706 0.535955 1.18627 0.50741 1.25662 0.493265 1.32987 0.494756 1.40634 0.00191214 0.0602613 0.318 1.17533e-35 0
3.13685 -0.275524 1.57 -1.527 0.275524 0.001974 0.0609706 0.535955 1.18627 0.50741 1.25662 0.493265 1.32987 0.494756 1.40634 0.00191214 0.0602613 0.308 1.17533e-35 0
3.13685 -0.275524 1.57 -1.527 0.275524 0.001974 0.0609706 0.535955 1.18627 0.50741 1.25662 0.493265 1.32987 0.494756 1.40634 0.00191214 0.0602613 0.317 1.17533e-35 0
3.13685 -0.275524 1.57 -1.527 0.275524 0.001974 0.0609706 0.535955 1.18627 0.50741 1.25662 0.493265 1.32987 0.494756 1.40634 0.00191214 0.0602613 0.309 1.17533e-35 0
3.13685 -0.275524 1.57 -1.527 0.275524 0.001974 0.0609706 0.535955 1.18627 0.50741 1.25662 0.493265 1.32987 0.494756 1.40634 0.00191214 0.0602613 0.321 1.17533e-35 0
3.13694 -0.272318 1.57 -1.527 0.272318 0.00191214 0.0602613 0.536166 1.18641 0.507951 1.257 0.494139 1.33045 0.495984 1.40708 0.00185259 0.05956 0.309 3.55753e-35 0
3.13694 -0.272318 1.57 -1.527 0.272318 0.00191214 0.0602613 0.536166 1.18641 0.507951 1.257 0.494139 1.33045 0.495984 1.40708 0.00185259 0.05956 0.308 3.55753e-35 0
3.13694 -0.272318 1.57 -1.527 0.272318 0.00191214 0.0602613 0.536166 1.18641 0.507951 1.257 0.494139 1.33045 0.495984 1.40708 0.00185259 0.05956 0.308 3.55753e-35 0
3.13694 -0.272318 1.57 -1.527 0.272318 0.00191214 0.0602613 0.536166 1.18641 0.507951 1.257 0.494139 1.33045 0.495984 1.40708 0.00185259 0.05956 0.322 3.55753e-35 0
3.13704 -0.269147 1.57 -1.527 0.269147 0.00185259 0.05956 0.536374 1.18655 0.508486 1.25737 0.495002 1.33103 0.497191 1.40781 0.00179463 0.0588665 0.309 3.73585e-31 0
3.13704 -0.269147 1.57 -1.527 0.269147 0.00185259 0.05956 0.536374 1.18655 0.508486 1.25737 0.495002 1.33103 0.497191 1.40781 0.00179463 0.0588665 0.31 3.73585e-31 0
3.13704 -0.269147 1.57 -1.527 0.269147 0.00185259 0.05956 0.536374 1.18655 0.508486 1.25737 0.495002 1.33103 0.497191 1.40781 0.00179463 0.0588665 0.31 3.73585e-31 0
3.13704 -0.269147 1.57 -1.527 0.269147 0.00185259 0.05956 0.536374 1.18655 0.508486 1.25737 0.495002 1.33103 0.497191 1.40781 0.00179463 0.0588665 0.322 3.73585e-31 0
3.13713 -0.266013 1.57 -1.527 0.266013 0.00179463 0.0588665 0.53658 1.18669 0.509015 1.25773 0.495856 1.3316 0.498377 1.40853 0.00173826 0.0581811 0.314 2.29736e-37 0
3.13713 -0.266013 1.57 -1.527 0.266013 0.00179463 0.0588665 0.53658 1.18669 0.509015 1.25773 0.495856 1.3316 0.498377 1.40853 0.00173826 0.0581811 0.31 2.29736e-37 0
3.13713 -0.266013 1.57 -1.527 0.266013 0.00179463 0.0588665 0.53658 1.18669 0.509015 1.25773 0.495856 1.3316 0.498377 1.40853 0.00173826 0.0581811 0.297 2.29736e-37 0
3.13713 -0.266013 1.57 -1.527 0.266013 0.00179463 0.0588665 0.53658 1.18669 0.509015 1.25773 0.495856 1.3316 0.498377 1.40853 0.00173826 0.0581811 0.315 2.29736e-37 0
3.13722 -0.262916 1.57 -1.527 0.262916 0.00173826 0.0581811 0.536784 1.18683 0.509538 1.25809 0.496699 1.33215 0.499544 1.40924 0.00168348 0.0575036 0.309 6.88717e-34 0
3.13722 -0.262916 1.57 -1.527 0.262916 0.00173826 0.0581811 0.536784 1.18683 0.509538 1.25809 0.496699 1.33215 0.499544 1.40924 0.00168348 0.0575036 0.31 6.88717e-34 0
3.13722 -0.262916 1.57 -1.527 0.262916 0.00173826 0.0581811 0.536784 1.18683 0.509538 1.25809 0.496699 1.33215 0.499544 1.40924 0.00168348 0.0575036 0.308 6.88717e-34 0
3.13722 -0.262916 1.57 -1.527 0.262916 0.00173826 0.0581811 0.536784 1.18683 0.509538 1.25809 0.496699 1.33215 0.499544 1.40924 0.00168348 0.0575036 0.31 6.88717e-34 0
3.13722 -0.262916 1.57 -1.527 0.262916 0.00173826 0.0581811 0.536784 1.18683 0.509538 1.25809 0.496699 1.33215 0.499544 1.40924 0.00168348 0.0575036 0.31 6.88717e-34 0
3.13731 -0.259851 1.57 -1.527 0.259851 0.00168348 0.0575036 0.536985 1.18696 0.510054 1.25845 0.497531 1.3327 0.50069 1.40993 0.00163131 0.0568333 0.31 4.81875e-36 0
3.13731 -0.259851 1.57 -1.527 0.259851 0.00168348 0.0575036 0.536985 1.18696 0.510054 1.25845 0.497531 1.3327 0.50069 1.40993 0.00163131 0.0568333 0.309 4.81875e-36 0
3.13731 -0.259851 1.57 -1.527 0.259851 0.00168348 0.0575036 0.536985 1.18696 0.510054 1.25845 0.497531 1.3327 0.50069 1.40993 0.00163131 0.0568333 0.31 4.81875e-36 0
3.13731 -0.259851 1.57 -1.527 0.259851 0.00168348 0.0575036 0.536985 1.18696 0.510054 1.25845 0.497531 1.3327 0.50069 1.40993 0.00163131 0.0568333 0.311 4.81875e-36 0
3.13739 -0.256823 1.57 -1.527 0.256823 0.00163131 0.0568333 0.537183 1.1871 0.510564 1.2588 0.498354 1.33325 0.501817 1.41062 0.00158043 0.0561711 0.311 4.57107e-35 0
3.13739 -0.256823 1.57 -1.527 0.256823 0.00163131 0.0568333 0.537183 1.1871 0.510564 1.2588 0.498354 1.33325 0.501817 1.41062 0.00158043 0.0561711 0.309 4.57107e-35 0
3.13739 -0.256823 1.57 -1.527 0.256823 0.00163131 0.0568333 0.537183 1.1871 0.510564 1.2588 0.498354 1.33325 0.501817 1.41062 0.00158043 0.0561711 0.309 4.57107e-35 0
3.13739 -0.256823 1.57 -1.527 0.256823 0.00163131 0.0568333 0.537183 1.1871 0.510564 1.2588 0.498354 1.33325 0.501817 1.41062 0.00158043 0.0561711 0.315 4.57107e-35 0
3.13748 -0.25383 1.57 -1.527 0.25383 0.00158043 0.0561711 0.537378 1.18723 0.511068 1.25914 0.499166 1.33378 0.502925 1.4113 0.00153071 0.0555165 0.311 7.46803e-35 0
3.13748 -0.25383 1.57 -1.527 0.25383 0.00158043 0.0561711 0.537378 1.18723 0.511068 1.25914 0.499166 1.33378 0.502925 1.4113 0.00153071 0.0555165 0.308 7.46803e-35 0
3.13748 -0.25383 1.57 -1.527 0.25383 0.00158043 0.0561711 0.537378 1.18723 0.511068 1.25914 0.499166 1.33378 0.502925 1.4113 0.00153071 0.0555165 0.309 7.46803e-35 0
3.13748 -0.25383 1.57 -1.527 0.25383 0.00158043 0.0561711 0.537378 1.18723 0.511068 1.25914 0.499166 1.33378 0.502925 1.4113 0.00153071 0.0555165 0.312 7.46803e-35 0
3.13755 -0.25087 1.57 -1.527 0.25087 0.00153071 0.0555165 0.537572 1.18736 0.511566 1.25948 0.499968 1.33431 0.50402 1.41196 0.00148316 0.0548691 0.311 5.54215e-35 0
3.13755 -0.25087 1.57 -1.527 0.25087 0.00153071 0.0555165 0.537572 1.18736 0.511566 1.25948 0.499968 1.33431 0.50402 1.41196 0.00148316 0.0548691 0.309 5.54215e-35 0
3.13755 -0.25087 1.57 -1.527 0.25087 0.00153071 0.0555165 0.537572 1.18736 0.511566 1.25948 0.499968 1.33431 0.50402 1.41196 0.00148316 0.0548691 0.312 5.54215e-35 0
3.13755 -0.25087 1.57 -1.527 0.25087 0.00153071 0.0555165 0.537572 1.18736 0.511566 1.25948 0.499968 1.33431 0.50402 1.41196 0.00148316 0.0548691 0.31 5.54215e-35 0
3.13763 -0.247945 1.57 -1.527 0.247945 0.00148316 0.0548691 0.537763 1.18748 0.512058 1.25981 0.500761 1.33482 0.505101 1.41262 0.00143691 0.0542293 0.318 2.12434e-34 0
3.13763 -0.247945 1.57 -1.527 0.247945 0.00148316 0.0548691 0.537763 1.18748 0.512058 1.25981 0.500761 1.33482 0.505101 1.41262 0.00143691 0.0542293 0.307 2.12434e-34 0
3.13763 -0.247945 1.57 -1.527 0.247945 0.00148316 0.0548691 0.537763 1.18748 0.512058 1.25981 0.500761 1.33482 0.505101 1.41262 0.00143691 0.0542293 0.308 2.12434e-34 0
3.13763 -0.247945 1.57 -1.527 0.247945 0.00148316 0.0548691 0.537763 1.18748 0.512058 1.25981 0.500761 1.33482 0.505101 1.41262 0.00143691 0.0542293 0.308 2.12434e-34 0
3.13763 -0.247945 1.57 -1.527 0.247945 0.00148316 0.0548691 0.537763 1.18748 0.512058 1.25981 0.500761 1.33482 0.505101 1.41262 0.00143691 0.0542293 0.311 2.12434e-34 0
3.1377 -0.245054 1.57 -1.527 0.245054 0.00143691 0.0542293 0.537951 1.18761 0.512544 1.26014 0.501544 1.33533 0.506169 1.41327 0.0013921 0.053597 0.318 1.33183e-34 0
3.1377 -0.245054 1.57 -1.527 0.245054 0.00143691 0.0542293 0.537951 1.18761 0.512544 1.26014 0.501544 1.33533 0.506169 1.41327 0.0013921 0.053597 0.327 1.33183e-34 0
3.1377 -0.245054 1.57 -1.527 0.245054 0.00143691 0.0542293 0.537951 1.18761 0.512544 1.26014 0.501544 1.33533 0.506169 1.41327 0.0013921 0.053597 0.317 1.33183e-34 0
3.1377 -0.245054 1.57 -1.527 0.245054 0.00143691 0.0542293 0.537951 1.18761 0.512544 1.26014 0.501544 1.33533 0.506169 1.41327 0.0013921 0.053597 0.331 1.33183e-34 0
3.13778 -0.242197 1.57 -1.527 0.242197 0.0013921 0.053597 0.538137 1.18773 0.513024 1.26046 0.502317 1.33584 0.507222 1.4139 0.00134874 0.0529721 0.328 1.83823e-36 0
3.13778 -0.242197 1.57 -1.527 0.242197 0.0013921 0.053597 0.538137 1.18773 0.513024 1.26046 0.502317 1.33584 0.507222 1.4139 0.00134874 0.0529721 0.336 1.83823e-36 0
3.13778 -0.242197 1.57 -1.527 0.242197 0.0013921 0.053597 0.538137 1.18773 0.513024 1.26046 0.502317 1.33584 0.507222 1.4139 0.00134874 0.0529721 0.327 1.83823e-36 0
3.13778 -0.242197 1.57 -1.527 0.242197 0.0013921 0.053597 0.538137 1.18773 0.513024 1.26046 0.502317 1.33584 0.507222 1.4139 0.00134874 0.0529721 0.331 1.83823e-36 0
3.13784 -0.239372 1.57 -1.527 0.239372 0.00134874 0.0529721 0.538321 1.18785 0.513498 1.26078 0.503081 1.33633 0.508263 1.41453 0.00130711 0.0523543 0.328 2.71396e-35 0
3.13784 -0.239372 1.57 -1.527 0.239372 0.00134874 0.0529721 0.538321 1.18785 0.513498 1.26078 0.503081 1.33633 0.508263 1.41453 0.00130711 0.0523543 0.328 2.71396e-35 0
3.13784 -0.239372 1.57 -1.527 0.239372 0.00134874 0.0529721 0.538321 1.18785 0.513498 1.26078 0.503081 1.33633 0.508263 1.41453 0.00130711 0.0523543 0.329 2.71396e-35 0
3.13784 -0.239372 1.57 -1.527 0.239372 0.00134874 0.0529721 0.538321 1.18785 0.513498 1.26078 0.503081 1.33633 0.508263 1.41453 0.00130711 0.0523543 0.337 2.71396e-35 0
3.13784 -0.239372 1.57 -1.527 0.239372 0.00134874 0.0529721 0.538321 1.18785 0.513498 1.26078 0.503081 1.33633 0.508263 1.41453 0.00130711 0.0523543 0.341 2.71396e-35 0
3.13791 -0.236582 1.57 -1.527 0.236582 0.00130711 0.0523543 0.538502 1.18797 0.513966 1.2611 0.503834 1.33682 0.509289 1.41515 0.00126607 0.051744 0.329 3.73556e-31 0
3.13791 -0.236582 1.57 -1.527 0.236582 0.00130711 0.0523543 0.538502 1.18797 0.513966 1.2611 0.503834 1.33682 0.509289 1.41515 0.00126607 0.051744 0.332 3.73556e-31 0
3.13791 -0.236582 1.57 -1.527 0.236582 0.00130711 0.0523543 0.538502 1.18797 0.513966 1.2611 0.503834 1.33682 0.509289 1.41515 0.00126607 0.051744 0.329 3.73556e-31 0
3.13791 -0.236582 1.57 -1.527 0.236582 0.00130711 0.0523543 0.538502 1.18797 0.513966 1.2611 0.503834 1.33682 0.509289 1.41515 0.00126607 0.051744 0.33 3.73556e-31 0
3.13798 -0.233823 1.57 -1.527 0.233823 0.00126607 0.051744 0.538682 1.18809 0.514429 1.26141 0.504579 1.3373 0.510303 1.41575 0.00122646 0.0511407 0.328 8.47558e-35 0
3.13798 -0.233823 1.57 -1.527 0.233823 0.00126607 0.051744 0.538682 1.18809 0.514429 1.26141 0.504579 1.3373 0.510303 1.41575 0.00122646 0.0511407 0.327 8.47558e-35 0
3.13798 -0.233823 1.57 -1.527 0.233823 0.00126607 0.051744 0.538682 1.18809 0.514429 1.26141 0.504579 1.3373 0.510303 1.41575 0.00122646 0.0511407 0.327 8.47558e-35 0
3.13798 -0.233823 1.57 -1.527 0.233823 0.00126607 0.051744 0.538682 1.18809 0.514429 1.26141 0.504579 1.3373 0.510303 1.41575 0.00122646 0.0511407 0.329 8.47558e-35 0
3.13798 -0.233823 1.57 -1.527 0.233823 0.00126607 0.051744 0.538682 1.18809 0.514429 1.26141 0.504579 1.3373 0.510303 1.41575 0.00122646 0.0511407 0.34 8.47558e-35 0
3.13804 -0.231098 1.57 -1.527 0.231098 0.00122646 0.0511407 0.538859 1.18821 0.514887 1.26171 0.505315 1.33776 0.511305 1.41635 0.00118802 0.0505446 0.329 4.21476e-31 0
3.13804 -0.231098 1.57 -1.527 0.231098 0.00122646 0.0511407 0.538859 1.18821 0.514887 1.26171 0.505315 1.33776 0.511305 1.41635 0.00118802 0.0505446 0.33 4.21476e-31 0
3.13804 -0.231098 1.57 -1.527 0.231098 0.00122646 0.0511407 0.538859 1.18821 0.514887 1.26171 0.505315 1.33776 0.511305 1.41635 0.00118802 0.0505446 0.332 4.21476e-31 0
3.13804 -0.231098 1.57 -1.527 0.231098 0.00122646 0.0511407 0.538859 1.18821 0.514887 1.26171 0.505315 1.33776 0.511305 1.41635 0.00118802 0.0505446 0.34 4.21476e-31 0
3.1381 -0.228405 1.57 -1.527 0.228405 0.00118802 0.0505446 0.539034 1.18833 0.515338 1.26201 0.506042 1.3382 0.512293 1.41694 0.00115073 0.0499556 0.332 8.86993e-36 0
3.1381 -0.228405 1.57 -1.527 0.228405 0.00118802 0.0505446 0.539034 1.18833 0.515338 1.26201 0.506042 1.3382 0.512293 1.41694 0.00115073 0.0499556 0.326 8.86993e-36 0
3.1381 -0.228405 1.57 -1.527 0.228405 0.00118802 0.0505446 0.539034 1.18833 0.515338 1.26201 0.506042 1.3382 0.512293 1.41694 0.00115073 0.0499556 0.331 8.86993e-36 0
3.1381 -0.228405 1.57 -1.527 0.228405 0.00118802 0.0505446 0.539034 1.18833 0.515338 1.26201 0.506042 1.3382 0.512293 1.41694 0.00115073 0.0499556 0.334 8.86993e-36 0
3.13816 -0.225743 1.57 -1.527 0.225743 0.00115073 0.0499556 0.539207 1.18844 0.515785 1.26231 0.506759 1.33864 0.513269 1.41752 0.00111459 0.0493735 0.33 9.62402e-35 0
3.13816 -0.225743 1.57 -1.527 0.225743 0.00115073 0.0499556 0.539207 1.18844 0.515785 1.26231 0.506759 1.33864 0.513269 1.41752 0.00111459 0.0493735 0.337 9.62402e-35 0
3.13816 -0.225743 1.57 -1.527 0.225743 0.00115073 0.0499556 0.539207 1.18844 0.515785 1.26231 0.506759 1.33864 0.513269 1.41752 0.00111459 0.0493735 0.327 9.62402e-35 0
3.13816 -0.225743 1.57 -1.527 0.225743 0.00115073 0.0499556 0.539207 1.18844 0.515785 1.26231 0.506759 1.33864 0.513269 1.41752 0.00111459 0.0493735 0.337 9.62402e-35 0
3.13816 -0.225743 1.57 -1.527 0.225743 0.00115073 0.0499556 0.539207 1.18844 0.515785 1.26231 0.506759 1.33864 0.513269 1.41752 0.00111459 0.0493735 0.341 9.62402e-35 0
3.13822 -0.223113 1.57 -1.527 0.223113 0.00111459 0.0493735 0.539377 1.18855 0.516226 1.2626 0.507468 1.33907 0.514233 1.4181 0.00107976 0.0487982 0.337 8.86817e-36 0
3.13822 -0.223113 1.57 -1.527 0.223113 0.00111459 0.0493735 0.539377 1.18855 0.516226 1.2626 0.507468 1.33907 0.514233 1.4181 0.00107976 0.0487982 0.331 8.86817e-36 0
3.13822 -0.223113 1.57 -1.527 0.223113 0.00111459 0.0493735 0.539377 1.18855 0.516226 1.2626 0.507468 1.33907 0.514233 1.4181 0.00107976 0.0487982 0.328 8.86817e-36 0
3.13822 -0.223113 1.57 -1.527 0.223113 0.00111459 0.0493735 0.539377 1.18855 0.516226 1.2626 0.507468 1.33907 0.514233 1.4181 0.00107976 0.0487982 0.333 8.86817e-36 0
3.13827 -0.220513 1.57 -1.527 0.220513 0.00107976 0.0487982 0.539545 1.18866 0.516661 1.26289 0.508167 1.33949 0.515183 1.41866 0.00104652 0.0482296 0.331 1.39996e-35 0
3.13827 -0.220513 1.57 -1.527 0.220513 0.00107976 0.0487982 0.539545 1.18866 0.516661 1.26289 0.508167 1.33949 0.515183 1.41866 0.00104652 0.0482296 0.32 1.39996e-35 0
3.13827 -0.220513 1.57 -1.527 0.220513 0.00107976 0.0487982 0.539545 1.18866 0.516661 1.26289 0.508167 1.33949 0.515183 1.41866 0.00104652 0.0482296 0.319 1.39996e-35 0
3.13827 -0.220513 1.57 -1.527 0.220513 0.00107976 0.0487982 0.539545 1.18866 0.516661 1.26289 0.508167 1.33949 0.515183 1.41866 0.00104652 0.0482296 0.319 1.39996e-35 0
3.13827 -0.220513 1.57 -1.527 0.220513 0.00107976 0.0487982 0.539545 1.18866 0.516661 1.26289 0.508167 1.33949 0.515183 1.41866 0.00104652 0.0482296 0.332 1.39996e-35 0
3.13833 -0.217945 1.57 -1.527 0.217945 0.00104652 0.0482296 0.539712 1.18877 0.517091 1.26317 0.508858 1.33991 0.516122 1.41922 0.00101371 0.0476679 0.319 1.07231e-34 0
3.13833 -0.217945 1.57 -1.527 0.217945 0.00104652 0.0482296 0.539712 1.18877 0.517091 1.26317 0.508858 1.33991 0.516122 1.41922 0.00101371 0.0476679 0.328 1.07231e-34 0
3.13833 -0.217945 1.57 -1.527 0.217945 0.00104652 0.0482296 0.539712 1.18877 0.517091 1.26317 0.508858 1.33991 0.516122 1.41922 0.00101371 0.0476679 0.317 1.07231e-34 0
3.13833 -0.217945 1.57 -1.527 0.217945 0.00104652 0.0482296 0.539712 1.18877 0.517091 1.26317 0.508858 1.33991 0.516122 1.41922 0.00101371 0.0476679 0.321 1.07231e-34 0
3.13838 -0.215408 1.57 -1.527 0.215408 0.00101371 0.0476679 0.539876 1.18888 0.517516 1.26345 0.50954 1.34032 0.517048 1.41976 0.000982054 0.047113 0.328 8.45502e-35 0
3.13838 -0.215408 1.57 -1.527 0.215408 0.00101371 0.0476679 0.539876 1.18888 0.517516 1.26345 0.50954 1.34032 0.517048 1.41976 0.000982054 0.047113 0.32 8.45502e-35 0
3.13838 -0.215408 1.57 -1.527 0.215408 0.00101371 0.0476679 0.539876 1.18888 0.517516 1.26345 0.50954 1.34032 0.517048 1.41976 0.000982054 0.047113 0.328 8.45502e-35 0
3.13838 -0.215408 1.57 -1.527 0.215408 0.00101371 0.0476679 0.539876 1.18888 0.517516 1.26345 0.50954 1.34032 0.517048 1.41976 0.000982054 0.047113 0.322 8.45502e-35 0
3.13843 -0.212901 1.57 -1.527 0.212901 0.000982054 0.047113 0.540038 1.18898 0.517935 1.26373 0.510214 1.34072 0.517963 1.4203 0.000950834 0.0465648 0.328 1.85863e-36 0
3.13843 -0.212901 1.57 -1.527 0.212901 0.000982054 0.047113 0.540038 1.18898 0.517935 1.26373 0.510214 1.34072 0.517963 1.4203 0.000950834 0.0465648 0.329 1.85863e-36 0
3.13843 -0.212901 1.57 -1.527 0.212901 0.000982054 0.047113 0.540038 1.18898 0.517935 1.26373 0.510214 1.34072 0.517963 1.4203 0.000950834 0.0465648 0.321 1.85863e-36 0
3.13843 -0.212901 1.57 -1.527 0.212901 0.000982054 0.047113 0.540038 1.18898 0.517935 1.26373 0.510214 1.34072 0.517963 1.4203 0.000950834 0.0465648 0.327 1.85863e-36 0
3.13843 -0.212901 1.57 -1.527 0.212901 0.000982054 0.047113 0.540038 1.18898 0.517935 1.26373 0.510214 1.34072 0.517963 1.4203 0.000950834 0.0465648 0.33 1.85863e-36 0
3.13848 -0.210425 1.57 -1.527 0.210425 0.000950834 0.0465648 0.540198 1.18909 0.51835 1.264 0.510879 1.34112 0.518866 1.42083 0.000921205 0.0460231 0.329 7.78941e-34 0
3.13848 -0.210425 1.57 -1.527 0.210425 0.000950834 0.0465648 0.540198 1.18909 0.51835 1.264 0.510879 1.34112 0.518866 1.42083 0.000921205 0.0460231 0.327 7.78941e-34 0
3.13848 -0.210425 1.57 -1.527 0.210425 0.000950834 0.0465648 0.540198 1.18909 0.51835 1.264 0.510879 1.34112 0.518866 1.42083 0.000921205 0.0460231 0.327 7.78941e-34 0
3.13848 -0.210425 1.57 -1.527 0.210425 0.000950834 0.0465648 0.540198 1.18909 0.51835 1.264 0.510879 1.34112 0.518866 1.42083 0.000921205 0.0460231 0.331 7.78941e-34 0
3.13853 -0.207979 1.57 -1.527 0.207979 0.000921205 0.0460231 0.540354 1.18919 0.518759 1.26427 0.511536 1.34151 0.519757 1.42135 0.000891864 0.0454882 0.342 6.25153e-35 0
3.13853 -0.207979 1.57 -1.527 0.207979 0.000921205 0.0460231 0.540354 1.18919 0.518759 1.26427 0.511536 1.34151 0.519757 1.42135 0.000891864 0.0454882 0.332 6.25153e-35 0
3.13853 -0.207979 1.57 -1.527 0.207979 0.000921205 0.0460231 0.540354 1.18919 0.518759 1.26427 0.511536 1.34151 0.519757 1.42135 0.000891864 0.0454882 0.341 6.25153e-35 0
3.13853 -0.207979 1.57 -1.527 0.207979 0.000921205 0.0460231 0.540354 1.18919 0.518759 1.26427 0.511536 1.34151 0.519757 1.42135 0.000891864 0.0454882 0.331 6.25153e-35 0
3.13853 -0.207979 1.57 -1.527 0.207979 0.000921205 0.0460231 0.540354 1.18919 0.518759 1.26427 0.511536 1.34151 0.519757 1.42135 0.000891864 0.0454882 0.345 6.25153e-35 0
3.13858 -0.205563 1.57 -1.527 0.205563 0.000891864 0.0454882 0.540505 1.18929 0.519164 1.26453 0.512185 1.3419 0.520637 1.42187 0.000863535 0.0449597 0.339 4.74852e-35 0
3.13858 -0.205563 1.57 -1.527 0.205563 0.000891864 0.0454882 0.540505 1.18929 0.519164 1.26453 0.512185 1.3419 0.520637 1.42187 0.000863535 0.0449597 0.336 4.74852e-35 0
3.13858 -0.205563 1.57 -1.527 0.205563 0.000891864 0.0454882 0.540505 1.18929 0.519164 1.26453 0.512185 1.3419 0.520637 1.42187 0.000863535 0.0449597 0.327 4.74852e-35 0
3.13858 -0.205563 1.57 -1.527 0.205563 0.000891864 0.0454882 0.540505 1.18929 0.519164 1.26453 0.512185 1.3419 0.520637 1.42187 0.000863535 0.0449597 0.333 4.74852e-35 0
3.13862 -0.203174 1.57 -1.527 0.203174 0.000863535 0.0449597 0.540649 1.18939 0.519563 1.26479 0.512825 1.34228 0.521506 1.42238 0.00083694 0.0444373 0.312 2.00177e-34 0
3.13862 -0.203174 1.57 -1.527 0.203174 0.000863535 0.0449597 0.540649 1.18939 0.519563 1.26479 0.512825 1.34228 0.521506 1.42238 0.00083694 0.0444373 0.309 2.00177e-34 0
3.13862 -0.203174 1.57 -1.527 0.203174 0.000863535 0.0449597 0.540649 1.18939 0.519563 1.26479 0.512825 1.34228 0.521506 1.42238 0.00083694 0.0444373 0.309 2.00177e-34 0
3.13862 -0.203174 1.57 -1.527 0.203174 0.000863535 0.0449597 0.540649 1.18939 0.519563 1.26479 0.512825 1.34228 0.521506 1.42238 0.00083694 0.0444373 0.312 2.00177e-34 0
3.13862 -0.203174 1.57 -1.527 0.203174 0.000863535 0.0449597 0.540649 1.18939 0.519563 1.26479 0.512825 1.34228 0.521506 1.42238 0.00083694 0.0444373 0.331 2.00177e-34 0
3.13866 -0.200817 1.57 -1.527 0.200817 0.00083694 0.0444373 0.540787 1.18949 0.519957 1.26505 0.513457 1.34265 0.522362 1.42288 0.00081078 0.0439216 0.331 4.57655e-37 0
3.13866 -0.200817 1.57 -1.527 0.200817 0.00083694 0.0444373 0.540787 1.18949 0.519957 1.26505 0.513457 1.34265 0.522362 1.42288 0.00081078 0.0439216 0.329 4.57655e-37 0
3.13866 -0.200817 1.57 -1.527 0.200817 0.00083694 0.0444373 0.540787 1.18949 0.519957 1.26505 0.513457 1.34265 0.522362 1.42288 0.00081078 0.0439216 0.329 4.57655e-37 0
3.13866 -0.200817 1.57 -1.527 0.200817 0.00083694 0.0444373 0.540787 1.18949 0.519957 1.26505 0.513457 1.34265 0.522362 1.42288 0.00081078 0.0439216 0.321 4.57655e-37 0
3.1387 -0.198487 1.57 -1.527 0.198487 0.00081078 0.0439216 0.540919 1.18959 0.520346 1.2653 0.51408 1.34302 0.523207 1.42337 0.000785197 0.0434121 0.329 6.0823e-35 0
3.1387 -0.198487 1.57 -1.527 0.198487 0.00081078 0.0439216 0.540919 1.18959 0.520346 1.2653 0.51408 1.34302 0.523207 1.42337 0.000785197 0.0434121 0.318 6.0823e-35 0
3.1387 -0.198487 1.57 -1.527 0.198487 0.00081078 0.0439216 0.540919 1.18959 0.520346 1.2653 0.51408 1.34302 0.523207 1.42337 0.000785197 0.0434121 0.308 6.0823e-35 0
3.1387 -0.198487 1.57 -1.527 0.198487 0.00081078 0.0439216 0.540919 1.18959 0.520346 1.2653 0.51408 1.34302 0.523207 1.42337 0.000785197 0.0434121 0.308 6.0823e-35 0
3.1387 -0.198487 1.57 -1.527 0.198487 0.00081078 0.0439216 0.540919 1.18959 0.520346 1.2653 0.51408 1.34302 0.523207 1.42337 0.000785197 0.0434121 0.312 6.0823e-35 0
3.13875 -0.196186 1.57 -1.527 0.196186 0.000785197 0.0434121 0.541046 1.18969 0.52073 1.26555 0.514696 1.34339 0.524042 1.42385 0.000760192 0.0429089 0.307 1.83684e-35 0
3.13875 -0.196186 1.57 -1.527 0.196186 0.000785197 0.0434121 0.541046 1.18969 0.52073 1.26555 0.514696 1.34339 0.524042 1.42385 0.000760192 0.0429089 0.309 1.83684e-35 0
3.13875 -0.196186 1.57 -1.527 0.196186 0.000785197 0.0434121 0.541046 1.18969 0.52073 1.26555 0.514696 1.34339 0.524042 1.42385 0.000760192 0.0429089 0.307 1.83684e-35 0
3.13875 -0.196186 1.57 -1.527 0.196186 0.000785197 0.0434121 0.541046 1.18969 0.52073 1.26555 0.514696 1.34339 0.524042 1.42385 0.000760192 0.0429089 0.322 1.83684e-35 0
3.13878 -0.193912 1.57 -1.527 0.193912 0.000760192 0.0429089 0.541168 1.18978 0.52111 1.26579 0.515305 1.34374 0.524866 1.42433 0.000736633 0.0424115 0.31 5.49215e-35 0
3.13878 -0.193912 1.57 -1.527 0.193912 0.000760192 0.0429089 0.541168 1.18978 0.52111 1.26579 0.515305 1.34374 0.524866 1.42433 0.000736633 0.0424115 0.311 5.49215e-35 0
3.13878 -0.193912 1.57 -1.527 0.193912 0.000760192 0.0429089 0.541168 1.18978 0.52111 1.26579 0.515305 1.34374 0.524866 1.42433 0.000736633 0.0424115 0.323 5.49215e-35 0
3.13878 -0.193912 1.57 -1.527 0.193912 0.000760192 0.0429089 0.541168 1.18978 0.52111 1.26579 0.515305 1.34374 0.524866 1.42433 0.000736633 0.0424115 0.349 5.49215e-35 0
3.13882 -0.191668 1.57 -1.527 0.191668 0.000736633 0.0424115 0.541288 1.18988 0.521485 1.26603 0.515905 1.3441 0.525679 1.4248 0.000713218 0.0419206 0.319 4.03848e-35 0
3.13882 -0.191668 1.57 -1.527 0.191668 0.000736633 0.0424115 0.541288 1.18988 0.521485 1.26603 0.515905 1.3441 0.525679 1.4248 0.000713218 0.0419206 0.309 4.03848e-35 0
3.13882 -0.191668 1.57 -1.527 0.191668 0.000736633 0.0424115 0.541288 1.18988 0.521485 1.26603 0.515905 1.3441 0.525679 1.4248 0.000713218 0.0419206 0.307 4.03848e-35 0
3.13882 -0.191668 1.57 -1.527 0.191668 0.000736633 0.0424115 0.541288 1.18988 0.521485 1.26603 0.515905 1.3441 0.525679 1.4248 0.000713218 0.0419206 0.308 4.03848e-35 0
3.13882 -0.191668 1.57 -1.527 0.191668 0.000736633 0.0424115 0.541288 1.18988 0.521485 1.26603 0.515905 1.3441 0.525679 1.4248 0.000713218 0.0419206 0.31 4.03848e-35 0
3.13886 -0.18945 1.57 -1.527 0.18945 0.000713218 0.0419206 0.541405 1.18997 0.521855 1.26625 0.516497 1.34445 0.526481 1.42526 0.000691104 0.0414355 0.309 2.82317e-32 0
3.13886 -0.18945 1.57 -1.527 0.18945 0.000713218 0.0419206 0.541405 1.18997 0.521855 1.26625 0.516497 1.34445 0.526481 1.42526 0.000691104 0.0414355 0.308 8.16733e-31 0
3.13886 -0.18945 1.57 -1.527 0.18945 0.000713218 0.0419206 0.541405 1.18997 0.521855 1.26625 0.516497 1.34445 0.526481 1.42526 0.000691104 0.0414355 0.31 2.82317e-32 0
3.13886 -0.18945 1.57 -1.527 0.18945 0.000713218 0.0419206 0.541405 1.18997 0.521855 1.26625 0.516497 1.34445 0.526481 1.42526 0.000691104 0.0414355 0.31 8.16941e-31 0
3.1389 -0.187259 1.57 -1.527 0.187259 0.000691104 0.0414355 0.541522 1.19006 0.52222 1.26646 0.517082 1.34479 0.527273 1.42572 0.000669424 0.0409564 0.321 9.16132e-35 0
3.1389 -0.187259 1.57 -1.527 0.187259 0.000691104 0.0414355 0.541522 1.19006 0.52222 1.26646 0.517082 1.34479 0.527273 1.42572 0.000669424 0.0409564 0.309 4.58166e-34 0
3.1389 -0.187259 1.57 -1.527 0.187259 0.000691104 0.0414355 0.541522 1.19006 0.52222 1.26646 0.517082 1.34479 0.527273 1.42572 0.000669424 0.0409564 0.318 5.18352e-34 0
3.1389 -0.187259 1.57 -1.527 0.187259 0.000691104 0.0414355 0.541522 1.19006 0.52222 1.26646 0.517082 1.34479 0.527273 1.42572 0.000669424 0.0409564 0.309 9.16132e-35 0
3.1389 -0.187259 1.57 -1.527 0.187259 0.000691104 0.0414355 0.541522 1.19006 0.52222 1.26646 0.517082 1.34479 0.527273 1.42572 0.000669424 0.0409564 0.312 4.58166e-34 0
3.13893 -0.185094 1.57 -1.527 0.185094 0.000669424 0.0409564 0.541637 1.19015 0.522581 1.26667 0.51766 1.34513 0.528054 1.42617 0.0006489 0.0404828 0.302 5.63655e-35 0
3.13893 -0.185094 1.57 -1.527 0.185094 0.000669424 0.0409564 0.541637 1.19015 0.522581 1.26667 0.51766 1.34513 0.528054 1.42617 0.0006489 0.0404828 0.31 5.63655e-35 0
3.13893 -0.185094 1.57 -1.527 0.185094 0.000669424 0.0409564 0.541637 1.19015 0.522581 1.26667 0.51766 1.34513 0.528054 1.42617 0.0006489 0.0404828 0.306 5.63655e-35 0
3.13893 -0.185094 1.57 -1.527 0.185094 0.000669424 0.0409564 0.541637 1.19015 0.522581 1.26667 0.51766 1.34513 0.528054 1.42617 0.0006489 0.0404828 0.312 5.63655e-35 0
3.13896 -0.182957 1.57 -1.527 0.182957 0.0006489 0.0404828 0.54175 1.19024 0.522936 1.26688 0.518229 1.34546 0.528825 1.42661 0.00062881 0.0400154 0.312 1.8376e-36 0
3.13896 -0.182957 1.57 -1.527 0.182957 0.0006489 0.0404828 0.54175 1.19024 0.522936 1.26688 0.518229 1.34546 0.528825 1.42661 0.00062881 0.0400154 0.307 1.8376e-36 0
3.13896 -0.182957 1.57 -1.527 0.182957 0.0006489 0.0404828 0.54175 1.19024 0.522936 1.26688 0.518229 1.34546 0.528825 1.42661 0.00062881 0.0400154 0.312 1.8376e-36 0
3.13896 -0.182957 1.57 -1.527 0.182957 0.0006489 0.0404828 0.54175 1.19024 0.522936 1.26688 0.518229 1.34546 0.528825 1.42661 0.00062881 0.0400154 0.307 1.8376e-36 0
3.13896 -0.182957 1.57 -1.527 0.182957 0.0006489 0.0404828 0.54175 1.19024 0.522936 1.26688 0.518229 1.34546 0.528825 1.42661 0.00062881 0.0400154 0.321 1.8376e-36 0
3.139 -0.180846 1.57 -1.527 0.180846 0.00062881 0.0400154 0.541862 1.19032 0.523283 1.26708 0.518792 1.34579 0.529586 1.42705 0.000609008 0.0395538 0.309 4.4542e-35 0
3.139 -0.180846 1.57 -1.527 0.180846 0.00062881 0.0400154 0.541862 1.19032 0.523283 1.26708 0.518792 1.34579 0.529586 1.42705 0.000609008 0.0395538 0.31 4.4542e-35 0
3.139 -0.180846 1.57 -1.527 0.180846 0.00062881 0.0400154 0.541862 1.19032 0.523283 1.26708 0.518792 1.34579 0.529586 1.42705 0.000609008 0.0395538 0.308 4.4542e-35 0
3.139 -0.180846 1.57 -1.527 0.180846 0.00062881 0.0400154 0.541862 1.19032 0.523283 1.26708 0.518792 1.34579 0.529586 1.42705 0.000609008 0.0395538 0.311 4.4542e-35 0
3.13903 -0.178762 1.57 -1.527 0.178762 0.000609008 0.0395538 0.541972 1.19041 0.523623 1.26728 0.519347 1.34611 0.530336 1.42747 0.000590219 0.0390979 0.322 4.48614e-31 0
3.13903 -0.178762 1.57 -1.527 0.178762 0.000609008 0.0395538 0.541972 1.19041 0.523623 1.26728 0.519347 1.34611 0.530336 1.42747 0.000590219 0.0390979 0.312 4.48614e-31 0
3.13903 -0.178762 1.57 -1.527 0.178762 0.000609008 0.0395538 0.541972 1.19041 0.523623 1.26728 0.519347 1.34611 0.530336 1.42747 0.000590219 0.0390979 0.31 4.48614e-31 0
3.13903 -0.178762 1.57 -1.527 0.178762 0.000609008 0.0395538 0.541972 1.19041 0.523623 1.26728 0.519347 1.34611 0.530336 1.42747 0.000590219 0.0390979 0.31 4.48614e-31 0
3.13903 -0.178762 1.57 -1.527 0.178762 0.000609008 0.0395538 0.541972 1.19041 0.523623 1.26728 0.519347 1.34611 0.530336 1.42747 0.000590219 0.0390979 0.313 4.48614e-31 0
3.13906 -0.176705 1.57 -1.527 0.176705 0.000590219 0.0390979 0.542082 1.19049 0.523956 1.26748 0.519896 1.34643 0.531078 1.4279 0.000571285 0.038648 0.309 3.97132e-35 0
3.13906 -0.176705 1.57 -1.527 0.176705 0.000590219 0.0390979 0.542082 1.19049 0.523956 1.26748 0.519896 1.34643 0.531078 1.4279 0.000571285 0.038648 0.306 3.97132e-35 0
3.13906 -0.176705 1.57 -1.527 0.176705 0.000590219 0.0390979 0.542082 1.19049 0.523956 1.26748 0.519896 1.34643 0.531078 1.4279 0.000571285 0.038648 0.306 3.97132e-35 0
3.13906 -0.176705 1.57 -1.527 0.176705 0.000590219 0.0390979 0.542082 1.19049 0.523956 1.26748 0.519896 1.34643 0.531078 1.4279 0.000571285 0.038648 0.474 3.97132e-35 0
3.13906 -0.176705 1.57 -1.527 0.176705 0.000590219 0.0390979 0.542082 1.19049 0.523956 1.26748 0.519896 1.34643 0.531078 1.4279 0.000571285 0.038648 0.3 3.97132e-35 0
3.13909 -0.174673 1.57 -1.527 0.174673 0.000571285 0.038648 0.542189 1.19058 0.524282 1.26767 0.520436 1.34674 0.531809 1.42831 0.000553218 0.0382036 0.308 2.06889e-35 0
3.13909 -0.174673 1.57 -1.527 0.174673 0.000571285 0.038648 0.542189 1.19058 0.524282 1.26767 0.520436 1.34674 0.531809 1.42831 0.000553218 0.0382036 0.308 2.06889e-35 0
3.13909 -0.174673 1.57 -1.527 0.174673 0.000571285 0.038648 0.542189 1.19058 0.524282 1.26767 0.520436 1.34674 0.531809 1.42831 0.000553218 0.0382036 0.307 2.06889e-35 0
3.13909 -0.174673 1.57 -1.527 0.174673 0.000571285 0.038648 0.542189 1.19058 0.524282 1.26767 0.520436 1.34674 0.531809 1.42831 0.000553218 0.0382036 0.309 2.06889e-35 0
3.13912 -0.172667 1.57 -1.527 0.172667 0.000553218 0.0382036 0.542296 1.19066 0.524601 1.26786 0.520971 1.34705 0.53253 1.42872 0.000535006 0.0377648 0.308 1.016e-35 0
3.13912 -0.172667 1.57 -1.527 0.172667 0.000553218 0.0382036 0.542296 1.19066 0.524601 1.26786 0.520971 1.34705 0.53253 1.42872 0.000535006 0.0377648 0.312 1.016e-35 0
3.13912 -0.172667 1.57 -1.527 0.172667 0.000553218 0.0382036 0.542296 1.19066 0.524601 1.26786 0.520971 1.34705 0.53253 1.42872 0.000535006 0.0377648 0.307 1.016e-35 0
3.13912 -0.172667 1.57 -1.527 0.172667 0.000553218 0.0382036 0.542296 1.19066 0.524601 1.26786 0.520971 1.34705 0.53253 1.42872 0.000535006 0.0377648 0.306 1.016e-35 0
3.13912 -0.172667 1.57 -1.527 0.172667 0.000553218 0.0382036 0.542296 1.19066 0.524601 1.26786 0.520971 1.34705 0.53253 1.42872 0.000535006 0.0377648 0.312 1.016e-35 0
3.13915 -0.170684 1.57 -1.527 0.170684 0.000535006 0.0377648 0.542401 1.19074 0.524913 1.26805 0.521498 1.34735 0.533243 1.42913 0.00051824 0.0373311 0.314 3.98669e-35 0
3.13915 -0.170684 1.57 -1.527 0.170684 0.000535006 0.0377648 0.542401 1.19074 0.524913 1.26805 0.521498 1.34735 0.533243 1.42913 0.00051824 0.0373311 0.306 3.98669e-35 0
3.13915 -0.170684 1.57 -1.527 0.170684 0.000535006 0.0377648 0.542401 1.19074 0.524913 1.26805 0.521498 1.34735 0.533243 1.42913 0.00051824 0.0373311 0.311 3.98669e-35 0
3.13915 -0.170684 1.57 -1.527 0.170684 0.000535006 0.0377648 0.542401 1.19074 0.524913 1.26805 0.521498 1.34735 0.533243 1.42913 0.00051824 0.0373311 0.302 3.98669e-35 0
3.13917 -0.168726 1.57 -1.527 0.168726 0.00051824 0.0373311 0.542506 1.19082 0.525219 1.26824 0.522019 1.34765 0.533946 1.42953 0.000502197 0.0369029 0.317 1.08766e-34 0
3.13917 -0.168726 1.57 -1.527 0.168726 0.00051824 0.0373311 0.542506 1.19082 0.525219 1.26824 0.522019 1.34765 0.533946 1.42953 0.000502197 0.0369029 0.308 1.08766e-34 0
3.13917 -0.168726 1.57 -1.527 0.168726 0.00051824 0.0373311 0.542506 1.19082 0.525219 1.26824 0.522019 1.34765 0.533946 1.42953 0.000502197 0.0369029 0.307 1.08766e-34 0
3.13917 -0.168726 1.57 -1.527 0.168726 0.00051824 0.0373311 0.542506 1.19082 0.525219 1.26824 0.522019 1.34765 0.533946 1.42953 0.000502197 0.0369029 0.307 1.08766e-34 0
3.13917 -0.168726 1.57 -1.527 0.168726 0.00051824 0.0373311 0.542506 1.19082 0.525219 1.26824 0.522019 1.34765 0.533946 1.42953 0.000502197 0.0369029 0.31 1.08766e-34 0
3.1392 -0.166792 1.57 -1.527 0.166792 0.000502197 0.0369029 0.542608 1.1909 0.525518 1.26842 0.522532 1.34795 0.534639 1.42992 0.000486587 0.03648 0.309 3.59393e-35 0
3.1392 -0.166792 1.57 -1.527 0.166792 0.000502197 0.0369029 0.542608 1.1909 0.525518 1.26842 0.522532 1.34795 0.534639 1.42992 0.000486587 0.03648 0.297 3.59393e-35 0
3.1392 -0.166792 1.57 -1.527 0.166792 0.000502197 0.0369029 0.542608 1.1909 0.525518 1.26842 0.522532 1.34795 0.534639 1.42992 0.000486587 0.03648 0.307 3.59393e-35 0
3.1392 -0.166792 1.57 -1.527 0.166792 0.000502197 0.0369029 0.542608 1.1909 0.525518 1.26842 0.522532 1.34795 0.534639 1.42992 0.000486587 0.03648 0.307 3.59393e-35 0
3.1392 -0.166792 1.57 -1.527 0.166792 0.000502197 0.0369029 0.542608 1.1909 0.525518 1.26842 0.522532 1.34795 0.534639 1.42992 0.000486587 0.03648 0.32 3.59393e-35 0
3.13922 -0.164883 1.57 -1.527 0.164883 0.000486587 0.03648 0.542709 1.19098 0.525814 1.2686 0.523039 1.34824 0.535323 1.43031 0.000471411 0.0360624 0.308 3.1147e-35 0
3.13922 -0.164883 1.57 -1.527 0.164883 0.000486587 0.03648 0.542709 1.19098 0.525814 1.2686 0.523039 1.34824 0.535323 1.43031 0.000471411 0.0360624 0.307 3.1147e-35 0
3.13922 -0.164883 1.57 -1.527 0.164883 0.000486587 0.03648 0.542709 1.19098 0.525814 1.2686 0.523039 1.34824 0.535323 1.43031 0.000471411 0.0360624 0.307 3.1147e-35 0
3.13922 -0.164883 1.57 -1.527 0.164883 0.000486587 0.03648 0.542709 1.19098 0.525814 1.2686 0.523039 1.34824 0.535323 1.43031 0.000471411 0.0360624 0.304 3.1147e-35 0
3.13925 -0.162997 1.57 -1.527 0.162997 0.000471411 0.0360624 0.542809 1.19106 0.526106 1.26877 0.523539 1.34852 0.535998 1.43069 0.000456957 0.03565 0.299 1.17598e-34 0
3.13925 -0.162997 1.57 -1.527 0.162997 0.000471411 0.0360624 0.542809 1.19106 0.526106 1.26877 0.523539 1.34852 0.535998 1.43069 0.000456957 0.03565 0.306 1.17598e-34 0
3.13925 -0.162997 1.57 -1.527 0.162997 0.000471411 0.0360624 0.542809 1.19106 0.526106 1.26877 0.523539 1.34852 0.535998 1.43069 0.000456957 0.03565 0.313 1.17598e-34 0
3.13925 -0.162997 1.57 -1.527 0.162997 0.000471411 0.0360624 0.542809 1.19106 0.526106 1.26877 0.523539 1.34852 0.535998 1.43069 0.000456957 0.03565 0.306 1.17598e-34 0
3.13925 -0.162997 1.57 -1.527 0.162997 0.000471411 0.0360624 0.542809 1.19106 0.526106 1.26877 0.523539 1.34852 0.535998 1.43069 0.000456957 0.03565 0.303 1.17598e-34 0
3.13927 -0.161136 1.57 -1.527 0.161136 0.000456957 0.03565 0.542907 1.19113 0.526394 1.26895 0.524033 1.3488 0.536664 1.43106 0.000442504 0.0352429 0.3 4.23053e-35 0
3.13927 -0.161136 1.57 -1.527 0.161136 0.000456957 0.03565 0.542907 1.19113 0.526394 1.26895 0.524033 1.3488 0.536664 1.43106 0.000442504 0.0352429 0.31 4.23053e-35 0
3.13927 -0.161136 1.57 -1.527 0.161136 0.000456957 0.03565 0.542907 1.19113 0.526394 1.26895 0.524033 1.3488 0.536664 1.43106 0.000442504 0.0352429 0.3 4.23053e-35 0
3.13927 -0.161136 1.57 -1.527 0.161136 0.000456957 0.03565 0.542907 1.19113 0.526394 1.26895 0.524033 1.3488 0.536664 1.43106 0.000442504 0.0352429 0.3 4.23053e-35 0
3.13927 -0.161136 1.57 -1.527 0.161136 0.000456957 0.03565 0.542907 1.19113 0.526394 1.26895 0.524033 1.3488 0.536664 1.43106 0.000442504 0.0352429 0.294 4.23053e-35 0
3.13929 -0.159299 1.57 -1.527 0.159299 0.000442504 0.0352429 0.543005 1.19121 0.526679 1.26912 0.52452 1.34908 0.537321 1.43143 0.000428484 0.034841 0.3 1.33749e-35 0
3.13929 -0.159299 1.57 -1.527 0.159299 0.000442504 0.0352429 0.543005 1.19121 0.526679 1.26912 0.52452 1.34908 0.537321 1.43143 0.000428484 0.034841 0.298 1.33749e-35 0
3.13929 -0.159299 1.57 -1.527 0.159299 0.000442504 0.0352429 0.543005 1.19121 0.526679 1.26912 0.52452 1.34908 0.537321 1.43143 0.000428484 0.034841 0.298 1.33749e-35 0
3.13929 -0.159299 1.57 -1.527 0.159299 0.000442504 0.0352429 0.543005 1.19121 0.526679 1.26912 0.52452 1.34908 0.537321 1.43143 0.000428484 0.034841 0.302 1.33749e-35 0
3.13932 -0.157484 1.57 -1.527 0.157484 0.000428484 0.034841 0.543101 1.19128 0.52696 1.26929 0.525001 1.34936 0.53797 1.4318 0.000415186 0.0344441 0.303 4.73409e-36 0
3.13932 -0.157484 1.57 -1.527 0.157484 0.000428484 0.034841 0.543101 1.19128 0.52696 1.26929 0.525001 1.34936 0.53797 1.4318 0.000415186 0.0344441 0.3 4.73409e-36 0
3.13932 -0.157484 1.57 -1.527 0.157484 0.000428484 0.034841 0.543101 1.19128 0.52696 1.26929 0.525001 1.34936 0.53797 1.4318 0.000415186 0.0344441 0.3 4.73409e-36 0
3.13932 -0.157484 1.57 -1.527 0.157484 0.000428484 0.034841 0.543101 1.19128 0.52696 1.26929 0.525001 1.34936 0.53797 1.4318 0.000415186 0.0344441 0.304 4.73409e-36 0
3.13932 -0.157484 1.57 -1.527 0.157484 0.000428484 0.034841 0.543101 1.19128 0.52696 1.26929 0.525001 1.34936 0.53797 1.4318 0.000415186 0.0344441 0.295 4.73409e-36 0
3.13934 -0.155691 1.57 -1.527 0.155691 0.000415186 0.034444 0.543196 1.19135 0.527238 1.26946 0.525475 1.34963 0.53861 1.43215 0.000402467 0.0340519 0.3 4.48683e-31 0
3.13934 -0.155691 1.57 -1.527 0.155691 0.000415186 0.034444 0.543196 1.19135 0.527238 1.26946 0.525475 1.34963 0.53861 1.43215 0.000402467 0.0340519 0.299 4.48683e-31 0
3.13934 -0.155691 1.57 -1.527 0.155691 0.000415186 0.034444 0.543196 1.19135 0.527238 1.26946 0.525475 1.34963 0.53861 1.43215 0.000402467 0.0340519 0.3 4.48683e-31 0
3.13934 -0.155691 1.57 -1.527 0.155691 0.000415186 0.034444 0.543196 1.19135 0.527238 1.26946 0.525475 1.34963 0.53861 1.43215 0.000402467 0.0340519 0.454 4.48683e-31 0
3.13934 -0.155691 1.57 -1.527 0.155691 0.000415186 0.034444 0.543196 1.19135 0.527238 1.26946 0.525475 1.34963 0.53861 1.43215 0.000402467 0.0340519 0.301 4.48683e-31 0
3.13936 -0.153921 1.57 -1.527 0.153921 0.000402467 0.0340519 0.543289 1.19143 0.527512 1.26962 0.525944 1.34989 0.539241 1.43251 0.000390182 0.0336647 0.299 1.46131e-35 0
3.13936 -0.153921 1.57 -1.527 0.153921 0.000402467 0.0340519 0.543289 1.19143 0.527512 1.26962 0.525944 1.34989 0.539241 1.43251 0.000390182 0.0336647 0.298 1.46131e-35 0
3.13936 -0.153921 1.57 -1.527 0.153921 0.000402467 0.0340519 0.543289 1.19143 0.527512 1.26962 0.525944 1.34989 0.539241 1.43251 0.000390182 0.0336647 0.297 1.46131e-35 0
3.13936 -0.153921 1.57 -1.527 0.153921 0.000402467 0.0340519 0.543289 1.19143 0.527512 1.26962 0.525944 1.34989 0.539241 1.43251 0.000390182 0.0336647 0.294 1.46131e-35 0
3.13938 -0.152173 1.57 -1.527 0.152173 0.000390182 0.0336647 0.543381 1.1915 0.527782 1.26978 0.526406 1.35015 0.539864 1.43286 0.000377896 0.0332825 0.301 5.28499e-38 0
3.13938 -0.152173 1.57 -1.527 0.152173 0.000390182 0.0336647 0.543381 1.1915 0.527782 1.26978 0.526406 1.35015 0.539864 1.43286 0.000377896 0.0332825 0.3 5.28499e-38 0
3.13938 -0.152173 1.57 -1.527 0.152173 0.000390182 0.0336647 0.543381 1.1915 0.527782 1.26978 0.526406 1.35015 0.539864 1.43286 0.000377896 0.0332825 0.299 5.28499e-38 0
3.13938 -0.152173 1.57 -1.527 0.152173 0.000390182 0.0336647 0.543381 1.1915 0.527782 1.26978 0.526406 1.35015 0.539864 1.43286 0.000377896 0.0332825 0.308 5.28499e-38 0
3.13938 -0.152173 1.57 -1.527 0.152173 0.000390182 0.0336647 0.543381 1.1915 0.527782 1.26978 0.526406 1.35015 0.539864 1.43286 0.000377896 0.0332825 0.302 5.28499e-38 0
3.1394 -0.150446 1.57 -1.527 0.150446 0.000377896 0.0332825 0.543473 1.19157 0.528049 1.26994 0.526862 1.35041 0.540479 1.4332 0.000366623 0.0329047 0.301 3.79005e-36 0
3.1394 -0.150446 1.57 -1.527 0.150446 0.000377896 0.0332825 0.543473 1.19157 0.528049 1.26994 0.526862 1.35041 0.540479 1.4332 0.000366623 0.0329047 0.308 3.79005e-36 0
3.1394 -0.150446 1.57 -1.527 0.150446 0.000377896 0.0332825 0.543473 1.19157 0.528049 1.26994 0.526862 1.35041 0.540479 1.4332 0.000366623 0.0329047 0.307 3.79005e-36 0
3.1394 -0.150446 1.57 -1.527 0.150446 0.000377896 0.0332825 0.543473 1.19157 0.528049 1.26994 0.526862 1.35041 0.540479 1.4332 0.000366623 0.0329047 0.307 3.79005e-36 0
3.1394 -0.150446 1.57 -1.527 0.150446 0.000377896 0.0332825 0.543473 1.19157 0.528049 1.26994 0.526862 1.35041 0.540479 1.4332 0.000366623 0.0329047 0.31 3.79005e-36 0
3.13941 -0.148743 1.57 -1.527 0.148743 0.000366622 0.0329047 0.543563 1.19164 0.528312 1.2701 0.527313 1.35067 0.541086 1.43354 0.00035506 0.0325323 0.315 1.00979e-35 0
3.13941 -0.148743 1.57 -1.527 0.148743 0.000366622 0.0329047 0.543563 1.19164 0.528312 1.2701 0.527313 1.35067 0.541086 1.43354 0.00035506 0.0325323 0.307 1.00979e-35 0
3.13941 -0.148743 1.57 -1.527 0.148743 0.000366622 0.0329047 0.543563 1.19164 0.528312 1.2701 0.527313 1.35067 0.541086 1.43354 0.00035506 0.0325323 0.313 1.00979e-35 0
3.13941 -0.148743 1.57 -1.527 0.148743 0.000366622 0.0329047 0.543563 1.19164 0.528312 1.2701 0.527313 1.35067 0.541086 1.43354 0.00035506 0.0325323 0.281 1.00979e-35 0
3.13943 -0.147059 1.57 -1.527 0.147059 0.00035506 0.0325323 0.543652 1.1917 0.528572 1.27026 0.527757 1.35092 0.541685 1.43387 0.00034422 0.032164 0.299 2.13086e-35 0
3.13943 -0.147059 1.57 -1.527 0.147059 0.00035506 0.0325323 0.543652 1.1917 0.528572 1.27026 0.527757 1.35092 0.541685 1.43387 0.00034422 0.032164 0.307 2.13086e-35 0
3.13943 -0.147059 1.57 -1.527 0.147059 0.00035506 0.0325323 0.543652 1.1917 0.528572 1.27026 0.527757 1.35092 0.541685 1.43387 0.00034422 0.032164 0.311 2.13086e-35 0
3.13943 -0.147059 1.57 -1.527 0.147059 0.00035506 0.0325323 0.543652 1.1917 0.528572 1.27026 0.527757 1.35092 0.541685 1.43387 0.00034422 0.032164 0.308 2.13086e-35 0
3.13943 -0.147059 1.57 -1.527 0.147059 0.00035506 0.0325323 0.543652 1.1917 0.528572 1.27026 0.527757 1.35092 0.541685 1.43387 0.00034422 0.032164 0.301 2.13086e-35 0
3.13945 -0.145397 1.57 -1.527 0.145397 0.00034422 0.032164 0.543739 1.19176 0.528829 1.27041 0.528196 1.35116 0.542276 1.4342 0.000333524 0.0318005 0.309 7.36419e-35 0
3.13945 -0.145397 1.57 -1.527 0.145397 0.00034422 0.032164 0.543739 1.19176 0.528829 1.27041 0.528196 1.35116 0.542276 1.4342 0.000333524 0.0318005 0.308 7.36419e-35 0
3.13945 -0.145397 1.57 -1.527 0.145397 0.00034422 0.032164 0.543739 1.19176 0.528829 1.27041 0.528196 1.35116 0.542276 1.4342 0.000333524 0.0318005 0.307 7.36419e-35 0
3.13945 -0.145397 1.57 -1.527 0.145397 0.00034422 0.032164 0.543739 1.19176 0.528829 1.27041 0.528196 1.35116 0.542276 1.4342 0.000333524 0.0318005 0.299 7.36419e-35 0
3.13945 -0.145397 1.57 -1.527 0.145397 0.00034422 0.032164 0.543739 1.19176 0.528829 1.27041 0.528196 1.35116 0.542276 1.4342 0.000333524 0.0318005 0.294 7.36419e-35 0
3.13947 -0.143756 1.57 -1.527 0.143756 0.000333524 0.0318005 0.543826 1.19182 0.529083 1.27056 0.528629 1.35141 0.542859 1.43452 0.000323117 0.0314415 0.309 8.07419e-35 0
3.13947 -0.143756 1.57 -1.527 0.143756 0.000333524 0.0318005 0.543826 1.19182 0.529083 1.27056 0.528629 1.35141 0.542859 1.43452 0.000323117 0.0314415 0.309 8.07419e-35 0
3.13947 -0.143756 1.57 -1.527 0.143756 0.000333524 0.0318005 0.543826 1.19182 0.529083 1.27056 0.528629 1.35141 0.542859 1.43452 0.000323117 0.0314415 0.308 8.07419e-35 0
3.13947 -0.143756 1.57 -1.527 0.143756 0.000333524 0.0318005 0.543826 1.19182 0.529083 1.27056 0.528629 1.35141 0.542859 1.43452 0.000323117 0.0314415 0.308 8.07419e-35 0
3.13947 -0.143756 1.57 -1.527 0.143756 0.000333524 0.0318005 0.543826 1.19182 0.529083 1.27056 0.528629 1.35141 0.542859 1.43452 0.000323117 0.0314415 0.311 8.07419e-35 0
3.13948 -0.142135 1.57 -1.527 0.142135 0.000323117 0.0314415 0.543912 1.19187 0.529333 1.27071 0.529056 1.35165 0.543435 1.43484 0.000313 0.031087 0.309 3.50518e-36 0
3.13948 -0.142135 1.57 -1.527 0.142135 0.000323117 0.0314415 0.543912 1.19187 0.529333 1.27071 0.529056 1.35165 0.543435 1.43484 0.000313 0.031087 0.29 3.50518e-36 0
3.13948 -0.142135 1.57 -1.527 0.142135 0.000323117 0.0314415 0.543912 1.19187 0.529333 1.27071 0.529056 1.35165 0.543435 1.43484 0.000313 0.031087 0.309 3.50518e-36 0
3.13948 -0.142135 1.57 -1.527 0.142135 0.000323117 0.0314415 0.543912 1.19187 0.529333 1.27071 0.529056 1.35165 0.543435 1.43484 0.000313 0.031087 0.409 3.50518e-36 0
3.13948 -0.142135 1.57 -1.527 0.142135 0.000323117 0.0314415 0.543912 1.19187 0.529333 1.27071 0.529056 1.35165 0.543435 1.43484 0.000313 0.031087 0.31 3.50518e-36 0
3.1395 -0.140536 1.57 -1.527 0.140536 0.000313 0.031087 0.543996 1.19192 0.529581 1.27085 0.529479 1.35188 0.544003 1.43515 0.000303027 0.0307372 0.309 2.40582e-35 0
3.1395 -0.140536 1.57 -1.527 0.140536 0.000313 0.031087 0.543996 1.19192 0.529581 1.27085 0.529479 1.35188 0.544003 1.43515 0.000303027 0.0307372 0.299 2.40582e-35 0
3.1395 -0.140536 1.57 -1.527 0.140536 0.000313 0.031087 0.543996 1.19192 0.529581 1.27085 0.529479 1.35188 0.544003 1.43515 0.000303027 0.0307372 0.307 2.40582e-35 0
3.1395 -0.140536 1.57 -1.527 0.140536 0.000313 0.031087 0.543996 1.19192 0.529581 1.27085 0.529479 1.35188 0.544003 1.43515 0.000303027 0.0307372 0.271 2.40582e-35 0
3.13952 -0.138957 1.57 -1.527 0.138957 0.000303027 0.0307372 0.54408 1.19197 0.529825 1.271 0.529895 1.35212 0.544563 1.43546 0.000292765 0.030392 0.31 1.09366e-35 0
3.13952 -0.138957 1.57 -1.527 0.138957 0.000303027 0.0307372 0.54408 1.19197 0.529825 1.271 0.529895 1.35212 0.544563 1.43546 0.000292765 0.030392 0.309 1.09366e-35 0
3.13952 -0.138957 1.57 -1.527 0.138957 0.000303027 0.0307372 0.54408 1.19197 0.529825 1.271 0.529895 1.35212 0.544563 1.43546 0.000292765 0.030392 0.308 1.09366e-35 0
3.13952 -0.138957 1.57 -1.527 0.138957 0.000303027 0.0307372 0.54408 1.19197 0.529825 1.271 0.529895 1.35212 0.544563 1.43546 0.000292765 0.030392 0.308 1.09366e-35 0
3.13952 -0.138957 1.57 -1.527 0.138957 0.000303027 0.0307372 0.54408 1.19197 0.529825 1.271 0.529895 1.35212 0.544563 1.43546 0.000292765 0.030392 0.293 1.09366e-35 0
3.13953 -0.137396 1.57 -1.527 0.137396 0.000292765 0.030392 0.544163 1.19201 0.530066 1.27114 0.530307 1.35235 0.545117 1.43577 0.000283948 0.0300505 0.309 1.08078e-34 0
3.13953 -0.137396 1.57 -1.527 0.137396 0.000292765 0.030392 0.544163 1.19201 0.530066 1.27114 0.530307 1.35235 0.545117 1.43577 0.000283948 0.0300505 0.306 1.08078e-34 0
3.13953 -0.137396 1.57 -1.527 0.137396 0.000292765 0.030392 0.544163 1.19201 0.530066 1.27114 0.530307 1.35235 0.545117 1.43577 0.000283948 0.0300505 0.307 1.08078e-34 0
3.13953 -0.137396 1.57 -1.527 0.137396 0.000292765 0.030392 0.544163 1.19201 0.530066 1.27114 0.530307 1.35235 0.545117 1.43577 0.000283948 0.0300505 0.316 1.08078e-34 0
3.13953 -0.137396 1.57 -1.527 0.137396 0.000292765 0.030392 0.544163 1.19201 0.530066 1.27114 0.530307 1.35235 0.545117 1.43577 0.000283948 0.0300505 0.292 1.08078e-34 0
3.13955 -0.135854 1.57 -1.527 0.135854 0.000283948 0.0300505 0.544244 1.19206 0.530305 1.27128 0.530713 1.35257 0.545663 1.43607 0.000275421 0.0297134 0.308 4.98112e-36 0
3.13955 -0.135854 1.57 -1.527 0.135854 0.000283948 0.0300505 0.544244 1.19206 0.530305 1.27128 0.530713 1.35257 0.545663 1.43607 0.000275421 0.0297134 0.307 4.98112e-36 0
3.13955 -0.135854 1.57 -1.527 0.135854 0.000283948 0.0300505 0.544244 1.19206 0.530305 1.27128 0.530713 1.35257 0.545663 1.43607 0.000275421 0.0297134 0.307 4.98112e-36 0
3.13955 -0.135854 1.57 -1.527 0.135854 0.000283948 0.0300505 0.544244 1.19206 0.530305 1.27128 0.530713 1.35257 0.545663 1.43607 0.000275421 0.0297134 0.308 4.98112e-36 0
3.13955 -0.135854 1.57 -1.527 0.135854 0.000283948 0.0300505 0.544244 1.19206 0.530305 1.27128 0.530713 1.35257 0.545663 1.43607 0.000275421 0.0297134 0.293 4.98112e-36 0
3.13956 -0.134333 1.57 -1.527 0.134333 0.000275421 0.0297134 0.544324 1.19211 0.530539 1.27142 0.531113 1.3528 0.546202 1.43637 0.000267038 0.0293807 0.32 4.85795e-35 0
3.13956 -0.134333 1.57 -1.527 0.134333 0.000275421 0.0297134 0.544324 1.19211 0.530539 1.27142 0.531113 1.3528 0.546202 1.43637 0.000267038 0.0293807 0.306 4.85795e-35 0
3.13956 -0.134333 1.57 -1.527 0.134333 0.000275421 0.0297134 0.544324 1.19211 0.530539 1.27142 0.531113 1.3528 0.546202 1.43637 0.000267038 0.0293807 0.307 4.85795e-35 0
3.13956 -0.134333 1.57 -1.527 0.134333 0.000275421 0.0297134 0.544324 1.19211 0.530539 1.27142 0.531113 1.3528 0.546202 1.43637 0.000267038 0.0293807 0.308 4.85795e-35 0
3.13956 -0.134333 1.57 -1.527 0.134333 0.000275421 0.0297134 0.544324 1.19211 0.530539 1.27142 0.531113 1.3528 0.546202 1.43637 0.000267038 0.0293807 0.303 4.85795e-35 0
3.13957 -0.132831 1.57 -1.527 0.132831 0.000267038 0.0293807 0.544404 1.19215 0.530771 1.27156 0.531508 1.35302 0.546733 1.43666 0.000258366 0.0290522 0.307 2.14545e-34 0
3.13957 -0.132831 1.57 -1.527 0.132831 0.000267038 0.0293807 0.544404 1.19215 0.530771 1.27156 0.531508 1.35302 0.546733 1.43666 0.000258366 0.0290522 0.307 3.74717e-34 0
3.13957 -0.132831 1.57 -1.527 0.132831 0.000267038 0.0293807 0.544404 1.19215 0.530771 1.27156 0.531508 1.35302 0.546733 1.43666 0.000258366 0.0290522 0.299 2.90665e-34 0
3.13957 -0.132831 1.57 -1.527 0.132831 0.000267038 0.0293807 0.544404 1.19215 0.530771 1.27156 0.531508 1.35302 0.546733 1.43666 0.000258366 0.0290522 0.307 2.14545e-34 0
3.13957 -0.132831 1.57 -1.527 0.132831 0.000267038 0.0293807 0.544404 1.19215 0.530771 1.27156 0.531508 1.35302 0.546733 1.43666 0.000258366 0.0290522 0.31 3.74717e-34 0
3.13959 -0.131349 1.57 -1.527 0.131349 0.000258366 0.0290522 0.544482 1.1922 0.531 1.27169 0.531898 1.35323 0.547258 1.43694 0.000249983 0.0287279 0.311 3.64346e-35 0
3.13959 -0.131349 1.57 -1.527 0.131349 0.000258366 0.0290522 0.544482 1.1922 0.531 1.27169 0.531898 1.35323 0.547258 1.43694 0.000249983 0.0287279 0.306 3.64346e-35 0
3.13959 -0.131349 1.57 -1.527 0.131349 0.000258366 0.0290522 0.544482 1.1922 0.531 1.27169 0.531898 1.35323 0.547258 1.43694 0.000249983 0.0287279 0.308 3.64346e-35 0
3.13959 -0.131349 1.57 -1.527 0.131349 0.000258366 0.0290522 0.544482 1.1922 0.531 1.27169 0.531898 1.35323 0.547258 1.43694 0.000249983 0.0287279 0.309 3.64346e-35 0
3.13959 -0.131349 1.57 -1.527 0.131349 0.000258366 0.0290522 0.544482 1.1922 0.531 1.27169 0.531898 1.35323 0.547258 1.43694 0.000249983 0.0287279 0.319 3.64346e-35 0
3.1396 -0.129884 1.57 -1.527 0.129884 0.000249982 0.0287279 0.54456 1.19224 0.531226 1.27182 0.532284 1.35345 0.547776 1.43723 0.000241889 0.0284075 0.311 1.09553e-34 0
3.1396 -0.129884 1.57 -1.527 0.129884 0.000249982 0.0287279 0.54456 1.19224 0.531226 1.27182 0.532284 1.35345 0.547776 1.43723 0.000241889 0.0284075 0.314 1.09553e-34 0
3.1396 -0.129884 1.57 -1.527 0.129884 0.000249982 0.0287279 0.54456 1.19224 0.531226 1.27182 0.532284 1.35345 0.547776 1.43723 0.000241889 0.0284075 0.307 1.09553e-34 0
3.1396 -0.129884 1.57 -1.527 0.129884 0.000249982 0.0287279 0.54456 1.19224 0.531226 1.27182 0.532284 1.35345 0.547776 1.43723 0.000241889 0.0284075 0.312 1.09553e-34 0
3.1396 -0.129884 1.57 -1.527 0.129884 0.000249982 0.0287279 0.54456 1.19224 0.531226 1.27182 0.532284 1.35345 0.547776 1.43723 0.000241889 0.0284075 0.303 1.09553e-34 0
3.13961 -0.128436 1.57 -1.527 0.128436 0.000241889 0.0284075 0.544637 1.19228 0.53145 1.27195 0.532665 1.35366 0.548288 1.43751 0.000234517 0.0280909 0.308 4.20997e-31 0
3.13961 -0.128436 1.57 -1.527 0.128436 0.000241889 0.0284075 0.544637 1.19228 0.53145 1.27195 0.532665 1.35366 0.548288 1.43751 0.000234517 0.0280909 0.31 4.2091e-31 0
3.13961 -0.128436 1.57 -1.527 0.128436 0.000241889 0.0284075 0.544637 1.19228 0.53145 1.27195 0.532665 1.35366 0.548288 1.43751 0.000234517 0.0280909 0.308 4.20997e-31 0
3.13961 -0.128436 1.57 -1.527 0.128436 0.000241889 0.0284075 0.544637 1.19228 0.53145 1.27195 0.532665 1.35366 0.548288 1.43751 0.000234517 0.0280909 0.308 4.2091e-31 0
3.13961 -0.128436 1.57 -1.527 0.128436 0.000241889 0.0284075 0.544637 1.19228 0.53145 1.27195 0.532665 1.35366 0.548288 1.43751 0.000234517 0.0280909 0.312 4.20997e-31 0
3.13963 -0.127007 1.57 -1.527 0.127007 0.000234517 0.0280909 0.544712 1.19233 0.53167 1.27208 0.533039 1.35386 0.548792 1.43778 0.00022729 0.0277784 0.299 2.44831e-35 0
3.13963 -0.127007 1.57 -1.527 0.127007 0.000234517 0.0280909 0.544712 1.19233 0.53167 1.27208 0.533039 1.35386 0.548792 1.43778 0.00022729 0.0277784 0.306 2.44831e-35 0
3.13963 -0.127007 1.57 -1.527 0.127007 0.000234517 0.0280909 0.544712 1.19233 0.53167 1.27208 0.533039 1.35386 0.548792 1.43778 0.00022729 0.0277784 0.305 2.44831e-35 0
3.13963 -0.127007 1.57 -1.527 0.127007 0.000234517 0.0280909 0.544712 1.19233 0.53167 1.27208 0.533039 1.35386 0.548792 1.43778 0.00022729 0.0277784 0.308 2.44831e-35 0
3.13963 -0.127007 1.57 -1.527 0.127007 0.000234517 0.0280909 0.544712 1.19233 0.53167 1.27208 0.533039 1.35386 0.548792 1.43778 0.00022729 0.0277784 0.309 2.44831e-35 0
3.13964 -0.125596 1.57 -1.527 0.125596 0.00022729 0.0277784 0.544786 1.19237 0.531888 1.27221 0.533407 1.35407 0.54929 1.43805 0.000220064 0.0274698 0.312 3.32902e-35 0
3.13964 -0.125596 1.57 -1.527 0.125596 0.00022729 0.0277784 0.544786 1.19237 0.531888 1.27221 0.533407 1.35407 0.54929 1.43805 0.000220064 0.0274698 0.306 3.32902e-35 0
3.13964 -0.125596 1.57 -1.527 0.125596 0.00022729 0.0277784 0.544786 1.19237 0.531888 1.27221 0.533407 1.35407 0.54929 1.43805 0.000220064 0.0274698 0.307 3.32902e-35 0
3.13964 -0.125596 1.57 -1.527 0.125596 0.00022729 0.0277784 0.544786 1.19237 0.531888 1.27221 0.533407 1.35407 0.54929 1.43805 0.000220064 0.0274698 0.319 3.32902e-35 0
3.13964 -0.125596 1.57 -1.527 0.125596 0.00022729 0.0277784 0.544786 1.19237 0.531888 1.27221 0.533407 1.35407 0.54929 1.43805 0.000220064 0.0274698 0.32 3.32902e-35 0
3.13965 -0.124203 1.57 -1.527 0.124203 0.000220064 0.0274698 0.54486 1.19241 0.532103 1.27233 0.53377 1.35427 0.549782 1.43832 0.000212837 0.0271651 0.308 6.97236e-35 0
3.13965 -0.124203 1.57 -1.527 0.124203 0.000220064 0.0274698 0.54486 1.19241 0.532103 1.27233 0.53377 1.35427 0.549782 1.43832 0.000212837 0.0271651 0.306 6.97236e-35 0
3.13965 -0.124203 1.57 -1.527 0.124203 0.000220064 0.0274698 0.54486 1.19241 0.532103 1.27233 0.53377 1.35427 0.549782 1.43832 0.000212837 0.0271651 0.306 6.97236e-35 0
3.13965 -0.124203 1.57 -1.527 0.124203 0.000220064 0.0274698 0.54486 1.19241 0.532103 1.27233 0.53377 1.35427 0.549782 1.43832 0.000212837 0.0271651 0.306 6.97236e-35 0
3.13965 -0.124203 1.57 -1.527 0.124203 0.000220064 0.0274698 0.54486 1.19241 0.532103 1.27233 0.53377 1.35427 0.549782 1.43832 0.000212837 0.0271651 0.303 6.97236e-35 0
3.13966 -0.122827 1.57 -1.527 0.122827 0.000212837 0.0271651 0.544933 1.19245 0.532316 1.27246 0.534126 1.35447 0.550267 1.43859 0.000205899 0.0268642 0.309 4.61568e-37 0
3.13966 -0.122827 1.57 -1.527 0.122827 0.000212837 0.0271651 0.544933 1.19245 0.532316 1.27246 0.534126 1.35447 0.550267 1.43859 0.000205899 0.0268642 0.308 4.61568e-37 0
3.13966 -0.122827 1.57 -1.527 0.122827 0.000212837 0.0271651 0.544933 1.19245 0.532316 1.27246 0.534126 1.35447 0.550267 1.43859 0.000205899 0.0268642 0.309 4.61568e-37 0
3.13966 -0.122827 1.57 -1.527 0.122827 0.000212837 0.0271651 0.544933 1.19245 0.532316 1.27246 0.534126 1.35447 0.550267 1.43859 0.000205899 0.0268642 0.306 4.61568e-37 0
3.13966 -0.122827 1.57 -1.527 0.122827 0.000212837 0.0271651 0.544933 1.19245 0.532316 1.27246 0.534126 1.35447 0.550267 1.43859 0.000205899 0.0268642 0.31 4.61568e-37 0
3.13967 -0.121467 1.57 -1.527 0.121467 0.000205899 0.0268642 0.545005 1.19249 0.532525 1.27258 0.534478 1.35467 0.550747 1.43885 0.000199829 0.0265666 0.308 5.12948e-38 0
3.13967 -0.121467 1.57 -1.527 0.121467 0.000205899 0.0268642 0.545005 1.19249 0.532525 1.27258 0.534478 1.35467 0.550747 1.43885 0.000199829 0.0265666 0.306 5.12948e-38 0
3.13967 -0.121467 1.57 -1.527 0.121467 0.000205899 0.0268642 0.545005 1.19249 0.532525 1.27258 0.534478 1.35467 0.550747 1.43885 0.000199829 0.0265666 0.308 5.12948e-38 0
3.13967 -0.121467 1.57 -1.527 0.121467 0.000205899 0.0268642 0.545005 1.19249 0.532525 1.27258 0.534478 1.35467 0.550747 1.43885 0.000199829 0.0265666 0.306 5.12948e-38 0
3.13967 -0.121467 1.57 -1.527 0.121467 0.000205899 0.0268642 0.545005 1.19249 0.532525 1.27258 0.534478 1.35467 0.550747 1.43885 0.000199829 0.0265666 0.303 5.12948e-38 0
3.13968 -0.120125 1.57 -1.527 0.120125 0.000199829 0.0265666 0.545076 1.19253 0.532732 1.2727 0.534823 1.35486 0.55122 1.4391 0.000193758 0.0262731 0.3 5.87774e-36 0
3.13968 -0.120125 1.57 -1.527 0.120125 0.000199829 0.0265666 0.545076 1.19253 0.532732 1.2727 0.534823 1.35486 0.55122 1.4391 0.000193758 0.0262731 0.297 5.87774e-36 0
3.13968 -0.120125 1.57 -1.527 0.120125 0.000199829 0.0265666 0.545076 1.19253 0.532732 1.2727 0.534823 1.35486 0.55122 1.4391 0.000193758 0.0262731 0.306 5.87774e-36 0
3.13968 -0.120125 1.57 -1.527 0.120125 0.000199829 0.0265666 0.545076 1.19253 0.532732 1.2727 0.534823 1.35486 0.55122 1.4391 0.000193758 0.0262731 0.308 5.87774e-36 0
3.13968 -0.120125 1.57 -1.527 0.120125 0.000199829 0.0265666 0.545076 1.19253 0.532732 1.2727 0.534823 1.35486 0.55122 1.4391 0.000193758 0.0262731 0.31 5.87774e-36 0
3.13969 -0.118799 1.57 -1.527 0.118799 0.000193758 0.0262731 0.545146 1.19257 0.532936 1.27282 0.535162 1.35505 0.551686 1.43936 0.000187832 0.025983 0.308 3.05842e-34 0
3.13969 -0.118799 1.57 -1.527 0.118799 0.000193758 0.0262731 0.545146 1.19257 0.532936 1.27282 0.535162 1.35505 0.551686 1.43936 0.000187832 0.025983 0.307 5.89038e-35 0
3.13969 -0.118799 1.57 -1.527 0.118799 0.000193758 0.0262731 0.545146 1.19257 0.532936 1.27282 0.535162 1.35505 0.551686 1.43936 0.000187832 0.025983 0.301 3.05842e-34 0
3.13969 -0.118799 1.57 -1.527 0.118799 0.000193758 0.0262731 0.545146 1.19257 0.532936 1.27282 0.535162 1.35505 0.551686 1.43936 0.000187832 0.025983 0.307 5.89038e-35 0
3.13969 -0.118799 1.57 -1.527 0.118799 0.000193758 0.0262731 0.545146 1.19257 0.532936 1.27282 0.535162 1.35505 0.551686 1.43936 0.000187832 0.025983 0.3 3.05842e-34 0
3.1397 -0.117488 1.57 -1.527 0.117488 0.000187832 0.025983 0.545215 1.19261 0.533138 1.27293 0.535497 1.35524 0.552147 1.43961 0.000182051 0.0256965 0.302 1.16437e-34 0
3.1397 -0.117488 1.57 -1.527 0.117488 0.000187832 0.025983 0.545215 1.19261 0.533138 1.27293 0.535497 1.35524 0.552147 1.43961 0.000182051 0.0256965 0.291 1.16437e-34 0
3.1397 -0.117488 1.57 -1.527 0.117488 0.000187832 0.025983 0.545215 1.19261 0.533138 1.27293 0.535497 1.35524 0.552147 1.43961 0.000182051 0.0256965 0.299 1.16437e-34 0
3.1397 -0.117488 1.57 -1.527 0.117488 0.000187832 0.025983 0.545215 1.19261 0.533138 1.27293 0.535497 1.35524 0.552147 1.43961 0.000182051 0.0256965 0.292 1.16437e-34 0
3.1397 -0.117488 1.57 -1.527 0.117488 0.000187832 0.025983 0.545215 1.19261 0.533138 1.27293 0.535497 1.35524 0.552147 1.43961 0.000182051 0.0256965 0.304 1.16437e-34 0
3.13971 -0.116196 1.57 -1.527 0.116196 0.000182051 0.0256965 0.545283 1.19265 0.533337 1.27305 0.535826 1.35542 0.552601 1.43985 0.000176125 0.0254137 0.293 1.06693e-35 0
3.13971 -0.116196 1.57 -1.527 0.116196 0.000182051 0.0256965 0.545283 1.19265 0.533337 1.27305 0.535826 1.35542 0.552601 1.43985 0.000176125 0.0254137 0.297 1.06693e-35 0
3.13971 -0.116196 1.57 -1.527 0.116196 0.000182051 0.0256965 0.545283 1.19265 0.533337 1.27305 0.535826 1.35542 0.552601 1.43985 0.000176125 0.0254137 0.288 1.06693e-35 0
3.13971 -0.116196 1.57 -1.527 0.116196 0.000182051 0.0256965 0.545283 1.19265 0.533337 1.27305 0.535826 1.35542 0.552601 1.43985 0.000176125 0.0254137 0.298 1.06693e-35 0
3.13971 -0.116196 1.57 -1.527 0.116196 0.000182051 0.0256965 0.545283 1.19265 0.533337 1.27305 0.535826 1.35542 0.552601 1.43985 0.000176125 0.0254137 0.292 1.06693e-35 0
3.13972 -0.114919 1.57 -1.527 0.114919 0.000176125 0.0254137 0.54535 1.19269 0.533534 1.27316 0.53615 1.35561 0.55305 1.44009 0.000170344 0.0251346 0.298 6.78269e-36 0
3.13972 -0.114919 1.57 -1.527 0.114919 0.000176125 0.0254137 0.54535 1.19269 0.533534 1.27316 0.53615 1.35561 0.55305 1.44009 0.000170344 0.0251346 0.295 6.78269e-36 0
3.13972 -0.114919 1.57 -1.527 0.114919 0.000176125 0.0254137 0.54535 1.19269 0.533534 1.27316 0.53615 1.35561 0.55305 1.44009 0.000170344 0.0251346 0.286 6.78269e-36 0
3.13972 -0.114919 1.57 -1.527 0.114919 0.000176125 0.0254137 0.54535 1.19269 0.533534 1.27316 0.53615 1.35561 0.55305 1.44009 0.000170344 0.0251346 0.307 6.78269e-36 0
3.13972 -0.114919 1.57 -1.527 0.114919 0.000176125 0.0254137 0.54535 1.19269 0.533534 1.27316 0.53615 1.35561 0.55305 1.44009 0.000170344 0.0251346 0.299 6.78269e-36 0
3.13973 -0.113659 1.57 -1.527 0.113659 0.000170344 0.0251346 0.545417 1.19272 0.533729 1.27327 0.536469 1.35579 0.553494 1.44033 0.000164562 0.0248589 0.29 5.03302e-35 0
3.13973 -0.113659 1.57 -1.527 0.113659 0.000170344 0.0251346 0.545417 1.19272 0.533729 1.27327 0.536469 1.35579 0.553494 1.44033 0.000164562 0.0248589 0.305 5.03302e-35 0
3.13973 -0.113659 1.57 -1.527 0.113659 0.000170344 0.0251346 0.545417 1.19272 0.533729 1.27327 0.536469 1.35579 0.553494 1.44033 0.000164562 0.0248589 0.324 5.03302e-35 0
3.13973 -0.113659 1.57 -1.527 0.113659 0.000170344 0.0251346 0.545417 1.19272 0.533729 1.27327 0.536469 1.35579 0.553494 1.44033 0.000164562 0.0248589 0.336 5.03302e-35 0
3.13973 -0.113659 1.57 -1.527 0.113659 0.000170344 0.0251346 0.545417 1.19272 0.533729 1.27327 0.536469 1.35579 0.553494 1.44033 0.000164562 0.0248589 0.308 5.03302e-35 0
3.13974 -0.112414 1.57 -1.527 0.112414 0.000164562 0.0248589 0.545483 1.19276 0.533921 1.27339 0.536783 1.35596 0.553931 1.44057 0.000158781 0.0245866 0.325 2.44842e-31 0
3.13974 -0.112414 1.57 -1.527 0.112414 0.000164562 0.0248589 0.545483 1.19276 0.533921 1.27339 0.536783 1.35596 0.553931 1.44057 0.000158781 0.0245866 0.306 2.44842e-31 0
3.13974 -0.112414 1.57 -1.527 0.112414 0.000164562 0.0248589 0.545483 1.19276 0.533921 1.27339 0.536783 1.35596 0.553931 1.44057 0.000158781 0.0245866 0.314 2.44842e-31 0
3.13974 -0.112414 1.57 -1.527 0.112414 0.000164562 0.0248589 0.545483 1.19276 0.533921 1.27339 0.536783 1.35596 0.553931 1.44057 0.000158781 0.0245866 0.324 2.44842e-31 0
3.13974 -0.112414 1.57 -1.527 0.112414 0.000164562 0.0248589 0.545483 1.19276 0.533921 1.27339 0.536783 1.35596 0.553931 1.44057 0.000158781 0.0245866 0.299 2.44842e-31 0
3.13975 -0.111183 1.57 -1.527 0.111183 0.000158781 0.0245866 0.545549 1.1928 0.534111 1.27349 0.537093 1.35614 0.554364 1.4408 0.000153722 0.0243174 0.342 2.09303e-35 0
3.13975 -0.111183 1.57 -1.527 0.111183 0.000158781 0.0245866 0.545549 1.1928 0.534111 1.27349 0.537093 1.35614 0.554364 1.4408 0.000153722 0.0243174 0.336 2.09303e-35 0
3.13975 -0.111183 1.57 -1.527 0.111183 0.000158781 0.0245866 0.545549 1.1928 0.534111 1.27349 0.537093 1.35614 0.554364 1.4408 0.000153722 0.0243174 0.339 2.09303e-35 0
3.13975 -0.111183 1.57 -1.527 0.111183 0.000158781 0.0245866 0.545549 1.1928 0.534111 1.27349 0.537093 1.35614 0.554364 1.4408 0.000153722 0.0243174 0.334 2.09303e-35 0
3.13975 -0.111183 1.57 -1.527 0.111183 0.000158781 0.0245866 0.545549 1.1928 0.534111 1.27349 0.537093 1.35614 0.554364 1.4408 0.000153722 0.0243174 0.333 2.09303e-35 0
3.13975 -0.111183 1.57 -1.527 0.111183 0.000158781 0.0245866 0.545549 1.1928 0.534111 1.27349 0.537093 1.35614 0.554364 1.4408 0.000153722 0.0243174 0.352 2.09303e-35 0
3.13976 -0.109968 1.57 -1.527 0.109968 0.000153722 0.0243174 0.545613 1.19283 0.534298 1.2736 0.537399 1.35631 0.554791 1.44103 0.000147941 0.0240517 0.345 2.45734e-35 0
3.13976 -0.109968 1.57 -1.527 0.109968 0.000153722 0.0243174 0.545613 1.19283 0.534298 1.2736 0.537399 1.35631 0.554791 1.44103 0.000147941 0.0240517 0.334 2.45734e-35 0
3.13976 -0.109968 1.57 -1.527 0.109968 0.000153722 0.0243174 0.545613 1.19283 0.534298 1.2736 0.537399 1.35631 0.554791 1.44103 0.000147941 0.0240517 0.335 2.45734e-35 0
3.13976 -0.109968 1.57 -1.527 0.109968 0.000153722 0.0243174 0.545613 1.19283 0.534298 1.2736 0.537399 1.35631 0.554791 1.44103 0.000147941 0.0240517 0.338 2.45734e-35 0
3.13976 -0.109968 1.57 -1.527 0.109968 0.000153722 0.0243174 0.545613 1.19283 0.534298 1.2736 0.537399 1.35631 0.554791 1.44103 0.000147941 0.0240517 0.345 2.45734e-35 0
3.13976 -0.109968 1.57 -1.527 0.109968 0.000153722 0.0243174 0.545613 1.19283 0.534298 1.2736 0.537399 1.35631 0.554791 1.44103 0.000147941 0.0240517 0.347 2.45734e-35 0
3.13976 -0.108766 1.57 -1.527 0.108766 0.000147941 0.0240517 0.545677 1.19287 0.534483 1.27371 0.537701 1.35648 0.555212 1.44126 0.000143605 0.0237887 0.335 3.98582e-35 0
3.13976 -0.108766 1.57 -1.527 0.108766 0.000147941 0.0240517 0.545677 1.19287 0.534483 1.27371 0.537701 1.35648 0.555212 1.44126 0.000143605 0.0237887 0.346 3.98582e-35 0
3.13976 -0.108766 1.57 -1.527 0.108766 0.000147941 0.0240517 0.545677 1.19287 0.534483 1.27371 0.537701 1.35648 0.555212 1.44126 0.000143605 0.0237887 0.345 3.98582e-35 0
3.13976 -0.108766 1.57 -1.527 0.108766 0.000147941 0.0240517 0.545677 1.19287 0.534483 1.27371 0.537701 1.35648 0.555212 1.44126 0.000143605 0.0237887 0.335 3.98582e-35 0
3.13976 -0.108766 1.57 -1.527 0.108766 0.000147941 0.0240517 0.545677 1.19287 0.534483 1.27371 0.537701 1.35648 0.555212 1.44126 0.000143605 0.0237887 0.339 3.98582e-35 0
3.13977 -0.107579 1.57 -1.527 0.107579 0.000143605 0.0237887 0.54574 1.1929 0.534667 1.27381 0.537999 1.35665 0.555629 1.44148 0.000139413 0.023529 0.345 3.73531e-31 0
3.13977 -0.107579 1.57 -1.527 0.107579 0.000143605 0.0237887 0.54574 1.1929 0.534667 1.27381 0.537999 1.35665 0.555629 1.44148 0.000139413 0.023529 0.346 3.73531e-31 0
3.13977 -0.107579 1.57 -1.527 0.107579 0.000143605 0.0237887 0.54574 1.1929 0.534667 1.27381 0.537999 1.35665 0.555629 1.44148 0.000139413 0.023529 0.345 3.73531e-31 0
3.13977 -0.107579 1.57 -1.527 0.107579 0.000143605 0.0237887 0.54574 1.1929 0.534667 1.27381 0.537999 1.35665 0.555629 1.44148 0.000139413 0.023529 0.346 3.73531e-31 0
3.13977 -0.107579 1.57 -1.527 0.107579 0.000143605 0.0237887 0.54574 1.1929 0.534667 1.27381 0.537999 1.35665 0.555629 1.44148 0.000139413 0.023529 0.344 3.73531e-31 0
3.13977 -0.107579 1.57 -1.527 0.107579 0.000143605 0.0237887 0.54574 1.1929 0.534667 1.27381 0.537999 1.35665 0.555629 1.44148 0.000139413 0.023529 0.36 3.73531e-31 0
3.13978 -0.106407 1.57 -1.527 0.106407 0.000139413 0.023529 0.545802 1.19294 0.534847 1.27392 0.538293 1.35682 0.556039 1.4417 0.000135077 0.0232727 0.35 2.10414e-35 0
3.13978 -0.106407 1.57 -1.527 0.106407 0.000139413 0.023529 0.545802 1.19294 0.534847 1.27392 0.538293 1.35682 0.556039 1.4417 0.000135077 0.0232727 0.344 2.10414e-35 0
3.13978 -0.106407 1.57 -1.527 0.106407 0.000139413 0.023529 0.545802 1.19294 0.534847 1.27392 0.538293 1.35682 0.556039 1.4417 0.000135077 0.0232727 0.345 2.10414e-35 0
3.13978 -0.106407 1.57 -1.527 0.106407 0.000139413 0.023529 0.545802 1.19294 0.534847 1.27392 0.538293 1.35682 0.556039 1.4417 0.000135077 0.0232727 0.345 2.10414e-35 0
3.13978 -0.106407 1.57 -1.527 0.106407 0.000139413 0.023529 0.545802 1.19294 0.534847 1.27392 0.538293 1.35682 0.556039 1.4417 0.000135077 0.0232727 0.346 2.10414e-35 0
3.13978 -0.106407 1.57 -1.527 0.106407 0.000139413 0.023529 0.545802 1.19294 0.534847 1.27392 0.538293 1.35682 0.556039 1.4417 0.000135077 0.0232727 0.348 2.10414e-35 0
3.13978 -0.105248 1.57 -1.527 0.105248 0.000135077 0.0232727 0.545863 1.19297 0.535025 1.27402 0.538584 1.35698 0.556444 1.44192 0.000130741 0.0230194 0.343 2.44848e-31 0
3.13978 -0.105248 1.57 -1.527 0.105248 0.000135077 0.0232727 0.545863 1.19297 0.535025 1.27402 0.538584 1.35698 0.556444 1.44192 0.000130741 0.0230194 0.345 2.44848e-31 0
3.13978 -0.105248 1.57 -1.527 0.105248 0.000135077 0.0232727 0.545863 1.19297 0.535025 1.27402 0.538584 1.35698 0.556444 1.44192 0.000130741 0.0230194 0.344 2.44848e-31 0
3.13978 -0.105248 1.57 -1.527 0.105248 0.000135077 0.0232727 0.545863 1.19297 0.535025 1.27402 0.538584 1.35698 0.556444 1.44192 0.000130741 0.0230194 0.344 2.44848e-31 0
3.13978 -0.105248 1.57 -1.527 0.105248 0.000135077 0.0232727 0.545863 1.19297 0.535025 1.27402 0.538584 1.35698 0.556444 1.44192 0.000130741 0.0230194 0.343 2.44848e-31 0
3.13978 -0.105248 1.57 -1.527 0.105248 0.000135077 0.0232727 0.545863 1.19297 0.535025 1.27402 0.538584 1.35698 0.556444 1.44192 0.000130741 0.0230194 0.351 2.44848e-31 0
3.13979 -0.104105 1.57 -1.527 0.104105 0.000130741 0.0230194 0.545923 1.193 0.535201 1.27412 0.53887 1.35714 0.556845 1.44213 0.000126405 0.0227693 0.345 2.24008e-35 0
3.13979 -0.104105 1.57 -1.527 0.104105 0.000130741 0.0230194 0.545923 1.193 0.535201 1.27412 0.53887 1.35714 0.556845 1.44213 0.000126405 0.0227693 0.337 2.24008e-35 0
3.13979 -0.104105 1.57 -1.527 0.104105 0.000130741 0.0230194 0.545923 1.193 0.535201 1.27412 0.53887 1.35714 0.556845 1.44213 0.000126405 0.0227693 0.336 2.24008e-35 0
3.13979 -0.104105 1.57 -1.527 0.104105 0.000130741 0.0230194 0.545923 1.193 0.535201 1.27412 0.53887 1.35714 0.556845 1.44213 0.000126405 0.0227693 0.334 2.24008e-35 0
3.13979 -0.104105 1.57 -1.527 0.104105 0.000130741 0.0230194 0.545923 1.193 0.535201 1.27412 0.53887 1.35714 0.556845 1.44213 0.000126405 0.0227693 0.348 2.24008e-35 0
3.1398 -0.102976 1.57 -1.527 0.102976 0.000126405 0.0227693 0.545983 1.19304 0.535375 1.27422 0.539154 1.3573 0.55724 1.44234 0.000122213 0.0225223 0.328 1.15486e-30 0
3.1398 -0.102976 1.57 -1.527 0.102976 0.000126405 0.0227693 0.545983 1.19304 0.535375 1.27422 0.539154 1.3573 0.55724 1.44234 0.000122213 0.0225223 0.336 1.15486e-30 0
3.1398 -0.102976 1.57 -1.527 0.102976 0.000126405 0.0227693 0.545983 1.19304 0.535375 1.27422 0.539154 1.3573 0.55724 1.44234 0.000122213 0.0225223 0.335 1.15486e-30 0
3.1398 -0.102976 1.57 -1.527 0.102976 0.000126405 0.0227693 0.545983 1.19304 0.535375 1.27422 0.539154 1.3573 0.55724 1.44234 0.000122213 0.0225223 0.336 1.15486e-30 0
3.1398 -0.102976 1.57 -1.527 0.102976 0.000126405 0.0227693 0.545983 1.19304 0.535375 1.27422 0.539154 1.3573 0.55724 1.44234 0.000122213 0.0225223 0.335 1.15486e-30 0
3.1398 -0.102976 1.57 -1.527 0.102976 0.000126405 0.0227693 0.545983 1.19304 0.535375 1.27422 0.539154 1.3573 0.55724 1.44234 0.000122213 0.0225223 0.339 1.15486e-30 0
3.1398 -0.101859 1.57 -1.527 0.101859 0.000122213 0.0225223 0.546042 1.19307 0.535547 1.27431 0.539434 1.35746 0.557631 1.44255 0.000118455 0.022278 0.335 2.03684e-35 0
3.1398 -0.101859 1.57 -1.527 0.101859 0.000122213 0.0225223 0.546042 1.19307 0.535547 1.27431 0.539434 1.35746 0.557631 1.44255 0.000118455 0.022278 0.335 2.03684e-35 0
3.1398 -0.101859 1.57 -1.527 0.101859 0.000122213 0.0225223 0.546042 1.19307 0.535547 1.27431 0.539434 1.35746 0.557631 1.44255 0.000118455 0.022278 0.33 2.03684e-35 0
3.1398 -0.101859 1.57 -1.527 0.101859 0.000122213 0.0225223 0.546042 1.19307 0.535547 1.27431 0.539434 1.35746 0.557631 1.44255 0.000118455 0.022278 0.346 2.03684e-35 0
3.1398 -0.101859 1.57 -1.527 0.101859 0.000122213 0.0225223 0.546042 1.19307 0.535547 1.27431 0.539434 1.35746 0.557631 1.44255 0.000118455 0.022278 0.345 2.03684e-35 0
3.1398 -0.101859 1.57 -1.527 0.101859 0.000122213 0.0225223 0.546042 1.19307 0.535547 1.27431 0.539434 1.35746 0.557631 1.44255 0.000118455 0.022278 0.361 2.03684e-35 0
3.13981 -0.100755 1.57 -1.527 0.100755 0.000118455 0.022278 0.546101 1.1931 0.535716 1.27441 0.53971 1.35761 0.558017 1.44275 0.000114842 0.0220367 0.336 1.11668e-35 0
3.13981 -0.100755 1.57 -1.527 0.100755 0.000118455 0.022278 0.546101 1.1931 0.535716 1.27441 0.53971 1.35761 0.558017 1.44275 0.000114842 0.0220367 0.344 1.11668e-35 0
3.13981 -0.100755 1.57 -1.527 0.100755 0.000118455 0.022278 0.546101 1.1931 0.535716 1.27441 0.53971 1.35761 0.558017 1.44275 0.000114842 0.0220367 0.336 1.11668e-35 0
3.13981 -0.100755 1.57 -1.527 0.100755 0.000118455 0.022278 0.546101 1.1931 0.535716 1.27441 0.53971 1.35761 0.558017 1.44275 0.000114842 0.0220367 0.344 1.11668e-35 0
3.13981 -0.100755 1.57 -1.527 0.100755 0.000118455 0.022278 0.546101 1.1931 0.535716 1.27441 0.53971 1.35761 0.558017 1.44275 0.000114842 0.0220367 0.333 1.11668e-35 0
3.13981 -0.100755 1.57 -1.527 0.100755 0.000118455 0.022278 0.546101 1.1931 0.535716 1.27441 0.53971 1.35761 0.558017 1.44275 0.000114842 0.0220367 0.348 1.11668e-35 0
